 63
 71
 72
 73
 75
 76
 81
 82
 84
 85
 86
 34312733790
 34359738361
 448
 34312519680
 34312650821
 34312650822
 34312651882
 34312733791
 38
 449
 34312548353
 25
 2808
 77
 78
 79
 89
 90
 91
 92
 838
 848
 849
 2164
 2165
 2166
 2167
 2168
 2172
 2180
 2185
 2186
 2187
 2188
 2189
 2190
 2191
 2192
 2193
 2194
 2195
 140
 34359738360
 133
 134
 149
 34312733788
 3561
 3562
 3563
 3564
 3565
 3566
 3568
 3569
 3570
 3571
 3572
 3573
 3574
 3575
 3576
 3578
 3579
 3580
 3581
 3582
 3583
 3584
 3585
 3587
 906
 908
 910
 914
 915
 918
 919
 920
 921
 922
 923
 1807
 1808
 1809
 1811
 1812
 1813
 1819
 1821
 2739
 2741
 2742
 2744
 2748
 2751
 2753
 2754
 2756
 2757
 2758
 2918
 2919
 2920
 2932
 3073
 3074
 3076
 3077
 3080
 3081
 3082
 3084
 3085
 3086
 3099
 2007
 2008
 2009
 2010
 2011
 2012
 2013
 2014
 2015
 2016
 2017
 2018
 2019
 2020
 2021
 2023
 2024
 2025
 2026
 2027
 2028
 2030
 2031
 2032
 2033
 2034
 2035
 2036
 2037
 2038
 866
 869
 874
 882
 884
 375
 376
 377
 380
 382
 383
 384
 386
 387
 150
 151
 159
 162
 164
 165
 169
 171
 481
 488
 489
 497
 505
 2361
 2362
 2363
 2364
 2365
 2366
 2367
 2368
 2370
 2371
 2372
 2373
 2374
 2375
 2376
 300
 302
 304
 311
 314
 322
 3432
 3436
 3440
 3441
 3443
 3445
 3446
 3447
 3448
 3449
 3450
 3451
 3452
 3453
 3454
 3456
 3457
 3458
 3459
 3460
 3461
 3663
 3664
 3665
 3666
 3667
 3668
 3669
 3670
 3671
 3672
 3675
 3677
 3678
 3679
 3682
 3683
 3684
 3686
 3687
 3689
 3690
 3691
 3692
 3693
 3694
 282
 283
 286
 291
 293
 296
 1933
 1934
 1935
 1936
 1937
 1938
 1939
 1940
 1941
 1942
 1943
 1944
 1945
 1949
 1950
 1951
 1952
 1953
 1955
 1956
 1957
 1958
 1959
 1960
 1961
 1962
 1963
 1964
 552
 562
 572
 442
 446
 448
 452
 454
 456
 460
 461
 720
 728
 733
 738
 764
 765
 766
 769
 776
 777
 781
 787
 579
 580
 592
 1198
 1208
 1213
 3609
 3610
 3611
 3612
 3613
 3614
 3615
 3616
 3617
 3618
 3619
 3620
 3621
 3622
 3623
 3624
 3625
 3626
 3627
 3628
 3629
 3630
 3632
 3633
 3634
 3856
 3857
 3858
 3859
 3860
 3861
 3862
 3863
 3864
 3865
 3866
 3867
 3868
 3869
 1831
 1832
 1833
 1834
 1835
 1836
 1841
 1842
 3011
 3012
 3013
 3014
 3015
 3016
 3017
 3018
 3019
 3020
 3021
 3022
 3023
 3024
 3025
 3042
 514
 517
 522
 524
 528
 532
 533
 536
 661
 673
 675
 677
 692
 696
 697
 705
 706
 710
 711
 712
 2304
 2305
 2306
 2307
 2308
 2309
 2310
 2311
 2320
 2321
 2333
 2335
 256
 262
 264
 272
 273
 315
 820
 826
 827
 238
 244
 1102
 1103
 1105
 1109
 1110
 1112
 1119
 1122
 1123
 1124
 428
 443
 72
 78
 83
 86
 613
 617
 9
 21
 3643
 3644
 3645
 3656
 3657
 3658
 3659
 3660
 3662
 741
 742
 750
 755
 756
 3334
 3335
 3336
 3337
 3338
 3339
 3340
 3341
 3343
 3346
 3347
 3348
 3349
 3350
 3351
 459
 465
 467
 470
 472
 475
 477
 478
 479
 3601
 3606
 3607
 3608
 873
 1563
 1569
 1571
 1572
 1573
 1574
 1575
 1576
 1577
 1578
 1580
 1581
 1582
 1583
 1584
 1585
 1586
 1587
 1588
 1589
 1590
 1591
 839
 851
 856
 3695
 3696
 3697
 3698
 3700
 3701
 3702
 3703
 3704
 3705
 3706
 3707
 3709
 3710
 3711
 3712
 3713
 3714
 3715
 3716
 3717
 3718
 3719
 3720
 3721
 3723
 3724
 208
 209
 218
 219
 222
 132
 133
 134
 135
 136
 137
 138
 139
 140
 141
 142
 143
 144
 145
 146
 147
 148
 149
 150
 151
 152
 153
 154
 155
 156
 157
 158
 159
 160
 161
 162
 163
 164
 165
 166
 167
 168
 169
 170
 171
 172
 173
 174
 175
 176
 177
 178
 179
 180
 181
 182
 183
 184
 185
 186
 187
 188
 2804
 2809
 2812
 13
 14
 15
 16
 17
 18
 19
 20
 21
 22
 23
 25
 26
 27
 28
 29
 30
 31
 2806
 2807
 2810
 803
 805
 806
 811
 819
 663
 679
 681
 685
 2521
 2522
 2523
 2524
 2525
 2528
 2530
 2533
 2534
 2535
 1079
 1080
 1081
 1082
 1083
 1085
 1088
 1089
 1090
 1095
 1096
 1099
 1100
 1101
 1104
 623
 625
 626
 628
 47
 485
 490
 500
 508
 643
 647
 648
 649
 652
 2479
 2480
 2481
 2482
 2483
 2484
 2485
 2486
 2488
 2492
 2493
 1131
 1134
 1135
 1139
 1140
 1141
 1145
 1146
 1148
 1149
 1150
 1151
 1155
 1159
 1160
 3215
 3216
 3217
 3218
 3219
 3220
 3221
 3222
 3223
 3224
 3225
 3226
 3227
 3228
 3229
 3230
 3231
 3232
 3233
 3234
 3236
 3237
 3241
 3242
 3243
 3244
 3245
 3246
 331
 334
 336
 337
 341
 343
 353
 356
 359
 182
 183
 189
 192
 194
 195
 196
 198
 1
 3
 7
 12
 13
 15
 17
 3197
 3198
 3200
 3201
 3202
 3203
 3205
 3206
 3208
 3209
 3210
 3211
 3212
 3213
 3214
 3145
 3147
 3149
 3155
 3157
 3159
 3161
 3165
 3169
 3170
 3173
 3174
 2884
 2885
 2886
 2887
 2888
 2889
 2894
 2896
 2900
 2901
 2905
 2906
 2907
 2912
 2913
 34312548350
 34312519681
 34312548349
 34312548351
 1858
 1860
 110
 111
 119
 120
 129
 132
 569
 576
 435
 439
 67
 76
 82
 89
 91
 1722
 1723
 1724
 1726
 1727
 1728
 1729
 1730
 1731
 1732
 1733
 1734
 1736
 1737
 1738
 1739
 1740
 1741
 1742
 1743
 1745
 1751
 1752
 3493
 3494
 3495
 3496
 3500
 3508
 258
 266
 271
 278
 834
 837
 3637
 3638
 3639
 3640
 3641
 3642
 3646
 3647
 3648
 3649
 3650
 3651
 3652
 3653
 3654
 3655
 3870
 3871
 3872
 3873
 3874
 3875
 3876
 3877
 3878
 3879
 3880
 3881
 3882
 3883
 3884
 3885
 688
 1654
 1657
 1660
 1661
 1664
 1666
 1667
 1668
 1669
 1670
 1671
 1672
 1673
 1682
 1683
 1684
 1685
 2242
 2244
 2245
 2246
 2247
 2248
 2249
 2251
 2259
 2260
 2261
 2262
 3247
 3248
 3249
 3250
 3251
 3252
 3253
 3254
 3255
 3256
 3257
 3258
 3260
 3261
 3262
 3263
 3264
 3586
 3588
 3589
 3590
 3591
 3592
 3593
 3594
 3595
 3596
 3597
 3598
 3599
 3600
 3602
 3603
 3604
 3605
 138
 152
 154
 163
 891
 892
 893
 894
 897
 3380
 3385
 3386
 3389
 3390
 3391
 3392
 3393
 3394
 3395
 3398
 3399
 3400
 1114
 1125
 1126
 1127
 1128
 1129
 3087
 3088
 3089
 3090
 3091
 3092
 3093
 3094
 3095
 3096
 3098
 3100
 3101
 3102
 3103
 2531
 2542
 2543
 2544
 2548
 588
 591
 594
 602
 3028
 3032
 3033
 3037
 3043
 3044
 3045
 3046
 3047
 398
 407
 408
 410
 413
 418
 419
 1404
 1406
 1407
 1408
 1409
 1423
 877
 3886
 3887
 3888
 3889
 3890
 3891
 3892
 3893
 3894
 3895
 3896
 3897
 3898
 3899
 3900
 3901
 3902
 3903
 3904
 3905
 3906
 3907
 3908
 3909
 3910
 3911
 3912
 3913
 3914
 3915
 3916
 3917
 604
 608
 3759
 3760
 3761
 3762
 3763
 3764
 3765
 3766
 3767
 3768
 3769
 3770
 3771
 3772
 3773
 3774
 3775
 3776
 3777
 3778
 3779
 3780
 3781
 379
 400
 401
 1010
 1023
 148
 155
 156
 157
 96
 1375
 1379
 1380
 1381
 1382
 1383
 1384
 1385
 1387
 1388
 1391
 1393
 541
 545
 547
 1592
 1593
 1595
 1596
 1597
 1598
 1599
 1600
 1601
 1602
 1603
 1604
 1605
 1606
 3806
 3807
 3808
 3809
 3810
 3811
 3812
 3813
 3814
 3816
 3818
 3819
 3820
 3821
 3822
 3823
 3824
 900
 924
 929
 930
 931
 817
 823
 825
 3368
 3369
 3370
 3371
 3372
 3374
 3375
 3376
 3377
 3378
 3379
 3381
 3382
 3383
 3384
 2691
 2693
 2694
 2695
 2696
 2697
 2706
 2709
 2711
 2712
 2713
 2714
 2715
 2716
 2717
 2720
 2721
 2846
 2848
 2849
 2850
 2851
 2852
 2853
 2854
 2855
 2856
 2858
 2860
 2861
 2862
 2864
 2874
 2875
 3110
 3111
 3124
 3125
 2568
 2569
 2570
 2571
 2572
 2573
 2576
 2577
 2581
 2582
 2583
 2584
 2585
 2587
 2588
 2589
 2590
 2593
 2597
 2598
 39
 54
 57
 62
 364
 367
 2958
 2961
 2962
 2963
 2971
 2972
 2975
 2977
 2978
 2979
 2980
 2985
 2986
 3401
 3402
 3403
 3404
 3405
 3406
 3407
 3408
 3409
 3410
 3411
 3412
 3413
 3414
 3415
 3417
 2439
 2440
 2441
 2442
 2443
 2444
 2445
 2446
 2447
 2448
 2452
 2454
 2457
 2458
 2460
 2461
 2462
 2463
 2464
 2465
 2601
 2602
 2603
 2604
 2605
 2606
 2607
 2609
 2612
 2613
 2617
 2618
 1837
 1838
 1839
 1840
 1847
 1848
 1850
 1851
 1852
 1853
 1854
 1858
 1859
 1860
 1862
 1865
 1781
 1784
 1785
 1787
 1788
 1789
 1790
 1791
 1792
 1793
 1797
 1798
 1799
 1800
 1802
 2620
 2621
 2623
 2624
 2625
 2627
 2629
 2630
 2633
 2634
 2635
 2636
 2637
 2638
 3918
 3919
 3920
 3921
 3922
 3923
 3924
 3925
 3926
 3927
 3928
 3929
 3930
 3931
 3932
 3933
 3934
 3935
 3936
 3937
 3938
 3939
 3940
 3941
 3942
 3943
 3944
 3945
 3946
 3947
 3948
 3949
 3631
 3636
 3661
 307
 313
 316
 319
 320
 323
 326
 2780
 2790
 2792
 3680
 3681
 3685
 3688
 835
 843
 847
 857
 79
 93
 94
 95
 1622
 1623
 1624
 1625
 1626
 1627
 1628
 1630
 1631
 1632
 1633
 1634
 1636
 1637
 1638
 1639
 1640
 1641
 1642
 1643
 1644
 1645
 1646
 1647
 1648
 1649
 1650
 1651
 1652
 1653
 1695
 1696
 1697
 1698
 1699
 1700
 1701
 1702
 1703
 1704
 1705
 1706
 1707
 1708
 1709
 1710
 1711
 1712
 1713
 1714
 1715
 1716
 1717
 1718
 1719
 1720
 1721
 3059
 3060
 3061
 3062
 3063
 3064
 3065
 3066
 3067
 3068
 3069
 3071
 3072
 3075
 3079
 3083
 224
 233
 235
 236
 239
 245
 248
 249
 714
 715
 716
 719
 724
 727
 729
 730
 731
 1753
 1754
 1755
 1756
 1757
 1758
 1759
 1760
 1761
 1762
 1764
 1765
 1766
 1810
 1818
 1820
 1822
 1823
 1825
 1827
 1829
 3418
 3419
 3420
 3421
 3422
 3423
 3424
 3425
 3426
 3427
 3428
 3429
 3430
 3431
 3437
 3438
 3442
 3444
 1655
 1665
 3486
 3491
 3497
 3498
 3499
 3501
 3503
 3504
 614
 618
 619
 633
 115
 120
 121
 672
 676
 1168
 1170
 1172
 1174
 1182
 1184
 1186
 1187
 1188
 1189
 1191
 1192
 1193
 1194
 1195
 1196
 1197
 1199
 2563
 2565
 2566
 2449
 2329
 2330
 2331
 2332
 2342
 2343
 2344
 2345
 2346
 2348
 2349
 2350
 2352
 2353
 2354
 2355
 2356
 2357
 22
 24
 33
 36
 37
 2981
 2987
 2988
 2989
 2992
 3000
 852
 861
 864
 2276
 2277
 2278
 2279
 2281
 2282
 2283
 2284
 2285
 2286
 2287
 2288
 2289
 2290
 2292
 2293
 2294
 2295
 2296
 2297
 2298
 2299
 2300
 2301
 2302
 2303
 504
 512
 516
 518
 1055
 1056
 1057
 1059
 1060
 1061
 1062
 1064
 1065
 1069
 1070
 1071
 1075
 1077
 1078
 2809
 2811
 2812
 2813
 2814
 2825
 2826
 2827
 255
 257
 259
 267
 268
 2377
 2378
 2381
 2382
 2383
 2384
 2385
 2386
 2388
 2389
 2390
 2391
 2392
 2393
 2928
 2929
 2930
 2931
 2933
 2934
 2935
 2936
 2937
 2938
 2939
 2940
 2941
 2942
 2943
 2944
 2945
 2946
 2947
 2948
 2949
 2950
 2951
 2642
 2655
 2659
 2662
 1200
 1201
 1202
 1203
 1204
 1205
 1206
 1207
 1209
 1210
 1211
 1212
 1214
 1215
 1216
 1217
 1223
 1224
 1225
 1226
 1227
 1229
 1230
 1231
 989
 990
 991
 992
 993
 994
 995
 996
 997
 999
 1000
 1001
 1002
 1003
 1004
 1005
 1006
 1007
 1008
 1009
 1011
 1012
 1013
 1014
 1015
 1016
 1017
 1019
 1020
 1594
 1618
 1619
 1620
 1621
 3126
 3127
 3128
 3129
 3130
 3131
 3133
 3134
 3135
 3136
 3137
 3138
 3139
 3141
 238
 763
 772
 779
 780
 1142
 1144
 1147
 1153
 1154
 1156
 1157
 1158
 1162
 1163
 1164
 1165
 1167
 1458
 1459
 1460
 1461
 1462
 1474
 1475
 1476
 1477
 1478
 1486
 1487
 1488
 1489
 534
 546
 548
 551
 554
 557
 3317
 3318
 3319
 3320
 3321
 3322
 3323
 3324
 3325
 3326
 3327
 3328
 3329
 3330
 3331
 3332
 3333
 1403
 570
 573
 575
 582
 585
 1861
 1869
 1871
 1874
 1879
 1881
 1882
 1883
 1884
 1885
 1886
 1887
 1888
 1889
 1890
 1891
 1892
 736
 739
 752
 2489
 2490
 2491
 2495
 2496
 2497
 2498
 2499
 2500
 2501
 2504
 2505
 2507
 2508
 2509
 2510
 2511
 2512
 2513
 2514
 2515
 2516
 2518
 2519
 2520
 3673
 1519
 1520
 1521
 1522
 1523
 1524
 1525
 1526
 1527
 1528
 1529
 1530
 1531
 1533
 1534
 1535
 1536
 1537
 2045
 2046
 2047
 2048
 2049
 2050
 2051
 2052
 2053
 2054
 2055
 2056
 2058
 2061
 2062
 2063
 2064
 2065
 2067
 2068
 2069
 2070
 2071
 2072
 2073
 2074
 2075
 2076
 2745
 2747
 2749
 2750
 2755
 2760
 2764
 2767
 3387
 424
 426
 427
 430
 433
 441
 339
 347
 2008
 2009
 2010
 2011
 2012
 2013
 2014
 2015
 2016
 2017
 2018
 2019
 2024
 2025
 2026
 2027
 2028
 2030
 2031
 2032
 2033
 2034
 2035
 2036
 2037
 2038
 2039
 1063
 1066
 1067
 1068
 1073
 1074
 455
 458
 462
 463
 3782
 3783
 3784
 3785
 3786
 3787
 3788
 3789
 3790
 3791
 3792
 3793
 3795
 3796
 3797
 3798
 3799
 3800
 1350
 1351
 1352
 1353
 1354
 1355
 1356
 1357
 1358
 1359
 1360
 1361
 1362
 1366
 1367
 2619
 2628
 2631
 2632
 2641
 2643
 1763
 1767
 1768
 1769
 1771
 1772
 1773
 1774
 1775
 1776
 1777
 1780
 1786
 2181
 2182
 2183
 2184
 2196
 2197
 2198
 2199
 2200
 2201
 2202
 2203
 2204
 2205
 2206
 2207
 2208
 2209
 2210
 2211
 1449
 1450
 1451
 1452
 1453
 1454
 1455
 1456
 1457
 1463
 1464
 1465
 1467
 1468
 1469
 1471
 1472
 1473
 1479
 1480
 202
 204
 216
 217
 3722
 3725
 3726
 3727
 3728
 3729
 3730
 3731
 391
 395
 397
 486
 496
 511
 126
 135
 139
 142
 153
 3266
 3267
 3268
 3269
 3270
 3271
 3272
 3273
 3274
 3275
 3276
 3277
 3278
 3279
 3280
 3281
 3282
 3283
 3284
 3285
 3286
 3287
 3288
 3289
 3291
 3292
 3293
 3294
 3295
 3296
 3297
 2722
 2727
 2728
 2732
 2733
 2734
 2736
 1934
 1935
 1936
 1937
 1938
 1939
 1940
 1941
 1942
 1943
 1944
 1945
 1946
 1947
 1950
 1951
 1952
 1953
 1955
 1956
 1957
 1958
 1959
 1960
 1961
 1962
 1963
 1964
 1965
 905
 906
 907
 919
 920
 921
 922
 2608
 2610
 2611
 2614
 2615
 2616
 2622
 2626
 3551
 3552
 3554
 3555
 3556
 3557
 3558
 3559
 3560
 3567
 3577
 1221
 1222
 1232
 1234
 1235
 1236
 1237
 1238
 1239
 1240
 1241
 1242
 1243
 1244
 1247
 1248
 1249
 1250
 1252
 2212
 2213
 2214
 2215
 2216
 2217
 2218
 2219
 2220
 2221
 2222
 2223
 2224
 2225
 2226
 2227
 2228
 2229
 2230
 537
 875
 883
 651
 666
 3902
 3903
 3904
 3905
 3906
 3907
 3908
 3909
 3910
 3911
 3912
 3913
 3914
 3915
 3916
 3917
 107
 115
 3455
 3460
 3462
 3463
 3465
 3475
 160
 161
 168
 173
 174
 179
 181
 182
 3104
 3105
 3106
 3107
 3108
 3109
 3112
 3113
 3114
 3115
 3116
 3117
 3118
 3119
 3120
 3122
 3123
 2991
 2993
 2994
 2996
 2997
 2998
 2999
 3001
 3002
 3003
 3004
 3005
 3008
 3010
 3173
 3174
 3176
 3178
 3180
 3182
 3184
 3186
 3188
 3190
 3194
 3195
 3198
 445
 615
 620
 631
 635
 2517
 2528
 2532
 2536
 2537
 2538
 2539
 2540
 2541
 2545
 287
 288
 294
 295
 297
 299
 306
 3026
 3027
 3029
 3030
 3031
 3034
 3035
 3036
 3038
 3039
 3040
 3041
 3048
 3049
 3050
 3051
 3052
 3053
 3054
 3055
 3056
 3057
 747
 757
 515
 520
 521
 526
 529
 1490
 1491
 1492
 1493
 1494
 1495
 1496
 1497
 1498
 1499
 1500
 1501
 1503
 1504
 1505
 1506
 1507
 1508
 1509
 1510
 1511
 1512
 1513
 1514
 1515
 1516
 2672
 2673
 2674
 2675
 2677
 2680
 2689
 2690
 2692
 2704
 1386
 1390
 1392
 1394
 1395
 1396
 1397
 1398
 2866
 2868
 2869
 2870
 2871
 2873
 2876
 2878
 2880
 2881
 2882
 2883
 2891
 2892
 2893
 2895
 2351
 2358
 2359
 2369
 2815
 2816
 2817
 2828
 2829
 2830
 2831
 2832
 2833
 2834
 2835
 2836
 2837
 2838
 2839
 2840
 2842
 2843
 2844
 2845
 695
 701
 708
 1801
 1803
 1804
 1805
 1806
 1814
 1815
 1816
 1817
 1824
 1826
 1830
 574
 577
 578
 583
 589
 59
 66
 69
 71
 75
 77
 80
 849
 860
 862
 869
 2
 6
 8
 14
 16
 18
 607
 616
 634
 264
 277
 2579
 2580
 2586
 2591
 2592
 2594
 2595
 2596
 3011
 3017
 3018
 3019
 3020
 3021
 3022
 3023
 3024
 3025
 3042
 390
 1843
 1846
 1849
 1855
 1856
 766
 767
 769
 773
 777
 778
 782
 792
 793
 796
 3563
 3564
 3565
 3566
 3568
 3569
 3570
 3571
 3572
 3573
 3574
 3575
 3576
 3578
 3579
 3580
 3583
 3584
 3585
 3587
 664
 671
 675
 692
 2954
 2955
 2956
 2957
 2959
 2966
 2967
 2968
 2970
 2974
 2982
 2841
 705
 720
 734
 38
 52
 3801
 3802
 3803
 3804
 3805
 1532
 3344
 3352
 3353
 3354
 3356
 3358
 3359
 3918
 3919
 3920
 3921
 3922
 3923
 3924
 3925
 3926
 3927
 3928
 3929
 3930
 3931
 3932
 3933
 3934
 3935
 3936
 3937
 3938
 3939
 3940
 3941
 3942
 3943
 3944
 3945
 3946
 3947
 3948
 3949
 2771
 2775
 2778
 2779
 2781
 2782
 2783
 2785
 2362
 2363
 2364
 2365
 2366
 2367
 2368
 2370
 2371
 2372
 2373
 2374
 2375
 2376
 2379
 2380
 2387
 808
 812
 816
 820
 3529
 3530
 3531
 3532
 3533
 3534
 3535
 3536
 3539
 3540
 3542
 3543
 3544
 3546
 3547
 3548
 3549
 1119
 1122
 1123
 1124
 1130
 1132
 1133
 1136
 1137
 1783
 1794
 1796
 1807
 1808
 1091
 1092
 1093
 1098
 1102
 1103
 1105
 1106
 1107
 1108
 3850
 3851
 3852
 3853
 3854
 3855
 3856
 3857
 1251
 1253
 1255
 1256
 1257
 1258
 1259
 1260
 1261
 1262
 1263
 1264
 1265
 1267
 1268
 1269
 1270
 1271
 1272
 1273
 1274
 1275
 1276
 1277
 1279
 1280
 1281
 1282
 3480
 3481
 3482
 3483
 3484
 3485
 3487
 3488
 3489
 3490
 3493
 3494
 3495
 3496
 4007
 4008
 4009
 4010
 4011
 4012
 4013
 4014
 4015
 4016
 4017
 4018
 4019
 4020
 4021
 4022
 4023
 4024
 4025
 4026
 4027
 4028
 4029
 4030
 4031
 4032
 4033
 4034
 4035
 4036
 4037
 4038
 490
 491
 4118
 4119
 4120
 4121
 4122
 4123
 4124
 4125
 4126
 4127
 4128
 4129
 4130
 4131
 4132
 4133
 4134
 4135
 4136
 4137
 4138
 4139
 4140
 4141
 4142
 4143
 4144
 4145
 4146
 4147
 4148
 4149
 4229
 4230
 4231
 4232
 4233
 4234
 4235
 4236
 4237
 4238
 4239
 4240
 4241
 4242
 4243
 4244
 4245
 4246
 4247
 4248
 4249
 4250
 4251
 4252
 4253
 4254
 4255
 4256
 4257
 4258
 4259
 4260
 4340
 4341
 4342
 4343
 4344
 4345
 4346
 4347
 4348
 4349
 4350
 4351
 4352
 4353
 4354
 4355
 4356
 4357
 4358
 4359
 4360
 4361
 4362
 4363
 4364
 4365
 4366
 4367
 4368
 4369
 4370
 4371
 4451
 4452
 4453
 4454
 4455
 4456
 4457
 4458
 4459
 4460
 4461
 4462
 4463
 4464
 4465
 4466
 4467
 4468
 4469
 4470
 4471
 4472
 4473
 4474
 4475
 4476
 4477
 4478
 4479
 4480
 4481
 4482
 1559
 1561
 1562
 1564
 1565
 1566
 1567
 1568
 1570
 1579
 12805
 12806
 12807
 12808
 12809
 12810
 12811
 12812
 12813
 12814
 12815
 12816
 12817
 12818
 12819
 12820
 12821
 12822
 12823
 12824
 12825
 12826
 12827
 12828
 12829
 12830
 12831
 12832
 12833
 12834
 12835
 12836
 3290
 3298
 3299
 3300
 3301
 3302
 3303
 3304
 3305
 3306
 3307
 3308
 3309
 3310
 3311
 3312
 3313
 3314
 348
 361
 363
 868
 884
 895
 899
 1171
 1175
 1176
 1177
 1178
 1179
 1180
 1181
 1185
 1190
 910
 914
 915
 918
 923
 924
 929
 930
 931
 932
 933
 934
 935
 936
 937
 938
 939
 940
 941
 2559
 2560
 2562
 2574
 2575
 3141
 3143
 3145
 3147
 3149
 3151
 3153
 3157
 3161
 3162
 3165
 3166
 742
 745
 1563
 1569
 1571
 1572
 1573
 1574
 3758
 3774
 3775
 3776
 3777
 3779
 3780
 3781
 83
 2425
 2426
 2427
 2428
 2429
 2430
 2431
 2432
 2433
 2434
 2435
 2436
 2437
 2438
 2439
 2440
 2451
 2385
 2386
 2388
 2389
 2390
 2391
 2392
 2394
 2395
 2396
 2397
 2398
 2399
 2400
 2401
 2402
 2403
 2404
 2405
 2406
 2407
 2408
 2410
 1283
 1284
 1285
 1286
 1287
 1288
 1289
 1290
 1292
 1293
 1294
 1295
 1296
 1297
 1298
 1299
 1300
 1301
 1302
 1304
 1305
 1306
 1307
 1308
 1309
 1310
 1311
 1312
 1313
 1314
 4
 19
 21
 34
 378
 839
 732
 2459
 2466
 2467
 2469
 2470
 2471
 2472
 2474
 2475
 2476
 2477
 2478
 2487
 2488
 478
 479
 485
 490
 1735
 1744
 1746
 1747
 1748
 1749
 1750
 2254
 2255
 2256
 2257
 2258
 2263
 2264
 2265
 2266
 2267
 2268
 2269
 2270
 2271
 2272
 2273
 2274
 2275
 208
 524
 528
 530
 330
 333
 344
 2521
 2522
 2523
 2524
 2526
 2529
 2533
 4483
 4484
 4485
 4486
 4487
 4488
 4489
 4490
 4491
 4492
 4493
 4494
 4495
 4496
 4497
 4498
 4499
 4500
 4501
 4502
 4503
 4504
 4505
 4506
 4507
 4508
 4509
 4510
 4511
 4512
 4513
 4514
 3811
 3813
 3814
 3816
 3818
 3819
 3820
 3821
 3823
 3825
 3826
 3827
 3828
 3829
 3830
 3831
 3832
 3833
 3834
 3835
 3837
 3838
 3839
 3840
 3841
 3842
 3125
 109
 111
 119
 129
 136
 137
 246
 247
 262
 3621
 3622
 3623
 3624
 3625
 3626
 3628
 3629
 3630
 3632
 3633
 3634
 3635
 3637
 3638
 3639
 3643
 3644
 3648
 3522
 3523
 3524
 3525
 3526
 3527
 3541
 3551
 3552
 3708
 3710
 3711
 3712
 3713
 3714
 3715
 3716
 3717
 3718
 3720
 3721
 3723
 3732
 3733
 3734
 3735
 3737
 3738
 3739
 798
 799
 801
 803
 886
 891
 893
 894
 898
 900
 903
 403
 407
 410
 418
 1363
 1365
 1368
 1369
 1370
 1371
 1372
 1373
 1374
 1375
 1376
 1377
 1389
 42
 62
 2360
 2381
 2382
 2383
 2384
 572
 579
 580
 586
 595
 596
 597
 598
 600
 603
 2691
 2693
 2696
 2697
 2698
 2707
 2708
 2709
 2711
 2712
 2713
 2857
 2858
 2859
 2860
 2861
 2863
 2864
 2874
 2875
 822
 825
 831
 845
 150
 157
 159
 162
 163
 171
 442
 448
 457
 461
 1010
 1021
 1022
 1024
 1025
 1026
 1027
 1028
 1030
 1031
 1032
 1034
 1035
 1036
 1038
 1039
 1040
 855
 865
 2961
 2962
 2972
 2975
 2977
 2978
 2979
 2980
 2983
 2984
 2986
 2409
 2411
 2412
 2413
 2414
 2415
 2416
 2417
 2418
 2419
 2421
 2423
 3169
 3170
 3176
 3178
 3180
 3182
 3184
 3186
 3190
 3194
 1127
 1135
 1148
 1481
 1482
 1483
 1485
 1486
 1487
 1488
 1489
 1502
 2720
 2721
 2724
 2729
 2730
 2731
 2732
 2734
 2736
 2737
 2741
 2742
 2748
 1538
 1539
 1540
 1541
 1542
 2540
 2543
 2550
 2551
 2552
 2553
 2554
 2555
 965
 966
 967
 968
 969
 970
 971
 972
 973
 974
 975
 976
 977
 978
 979
 980
 981
 982
 983
 984
 985
 986
 987
 988
 989
 990
 991
 993
 994
 995
 996
 1078
 1086
 1087
 1410
 1412
 1413
 1414
 1415
 1416
 1417
 1418
 1419
 1420
 1421
 1422
 1423
 1424
 1425
 1426
 1427
 1428
 1429
 1430
 1431
 1432
 1433
 1434
 1435
 1436
 82
 183
 184
 192
 198
 4515
 4516
 4517
 4518
 4519
 4520
 4521
 4522
 4523
 4524
 4525
 4526
 4527
 4528
 4529
 4530
 4531
 4532
 4533
 4534
 4535
 4536
 4537
 4538
 4539
 4540
 4541
 4542
 4543
 4544
 4545
 4546
 2803
 2804
 2805
 2806
 2807
 2808
 2818
 2819
 2820
 2821
 2822
 2824
 640
 647
 651
 1155
 1161
 1169
 2581
 2583
 2585
 2587
 2588
 2589
 2590
 2593
 2612
 2995
 282
 291
 293
 204
 213
 3
 12
 1591
 1595
 1602
 1603
 1604
 1606
 2897
 2898
 2899
 2901
 2904
 2905
 2906
 2907
 2908
 2909
 2910
 2911
 2912
 2913
 2914
 2915
 2916
 2917
 2918
 2919
 2920
 2922
 2923
 2486
 2492
 2493
 2494
 2502
 2503
 2506
 3337
 3338
 3339
 3340
 3341
 3343
 3346
 3347
 3349
 3350
 3351
 3376
 3378
 3379
 3380
 3381
 3382
 3383
 3384
 3386
 3389
 3390
 3391
 3392
 3393
 3394
 3395
 3397
 3398
 3399
 3400
 3401
 3403
 3404
 3405
 3406
 3407
 3464
 3466
 3467
 3468
 3469
 3470
 3471
 3473
 3474
 3476
 3478
 3479
 419
 429
 341
 359
 364
 367
 3593
 3594
 3596
 3597
 3598
 3600
 3603
 3604
 3605
 3606
 3607
 3609
 3610
 3611
 3612
 3613
 3616
 3617
 3618
 3619
 3620
 1863
 1865
 1866
 1867
 1868
 1869
 1871
 1874
 1875
 1876
 1877
 1878
 1112
 1114
 700
 3256
 3257
 3258
 3259
 3260
 3261
 3262
 3263
 3264
 3265
 3266
 3267
 3268
 3269
 3270
 3271
 3272
 244
 2444
 2447
 2453
 2454
 2455
 2456
 2458
 2460
 2461
 2462
 2463
 2464
 2465
 3740
 3741
 3742
 3743
 3744
 3745
 3746
 3747
 3748
 3749
 3750
 3751
 3752
 3753
 3754
 3755
 3756
 3757
 3759
 3760
 3761
 3762
 3764
 3765
 3767
 3408
 3411
 3413
 3414
 3415
 3417
 1
 2
 3
 4
 5
 6
 7
 8
 9
 266
 267
 268
 269
 270
 271
 272
 273
 274
 275
 276
 280
 282
 283
 284
 285
 286
 287
 288
 289
 290
 291
 292
 293
 294
 295
 296
 297
 65
 66
 67
 68
 69
 70
 71
 72
 73
 75
 76
 81
 82
 84
 85
 86
 87
 88
 89
 90
 91
 355
 356
 357
 358
 359
 360
 361
 362
 363
 364
 365
 366
 367
 368
 369
 370
 371
 373
 374
 375
 376
 377
 378
 379
 380
 381
 382
 384
 385
 40
 53
 58
 60
 1822
 1823
 1825
 1827
 1828
 1829
 1831
 1832
 1833
 1834
 1835
 1836
 1837
 1838
 1839
 1840
 1841
 1845
 3554
 3555
 3556
 3557
 3558
 3559
 3560
 541
 547
 30
 36
 37
 85
 92
 93
 105
 112
 2320
 2322
 2323
 2324
 2325
 2326
 2327
 2329
 2330
 2332
 2333
 2334
 2335
 2336
 2337
 2338
 2339
 2340
 2341
 2347
 2348
 3012
 3013
 3014
 3015
 3016
 3043
 3689
 3690
 3691
 3692
 3693
 3694
 3695
 3696
 3697
 3698
 3699
 3700
 3701
 3702
 3703
 3704
 3705
 2479
 2480
 2481
 2482
 2484
 2499
 2501
 2568
 2569
 2570
 2613
 2617
 2618
 2620
 2621
 2623
 2629
 2630
 9
 861
 864
 3498
 3499
 3500
 3501
 3503
 3505
 3506
 3507
 3509
 3510
 3511
 3512
 3513
 3514
 3515
 3516
 3518
 3519
 3520
 3044
 3045
 3047
 3048
 3058
 3059
 3061
 3062
 3063
 3070
 3073
 3656
 3657
 3658
 3659
 3660
 3661
 3662
 3663
 3665
 3666
 3667
 3668
 3669
 3670
 3671
 3674
 3675
 3677
 3678
 72
 300
 313
 316
 323
 3843
 3844
 3845
 3846
 3847
 3848
 255
 268
 1168
 1191
 1195
 1196
 1197
 1199
 779
 2276
 2277
 2279
 2281
 2282
 2284
 2285
 2286
 2287
 2288
 2290
 systemd-journald[2757
 727
 730
 212
 224
 233
 236
 1399
 1400
 1401
 1511
 1517
 1522
 1523
 1524
 1525
 1526
 1527
 1528
 1080
 1082
 1083
 1088
 1089
 1096
 1109
 1110
 1111
 3315
 3316
 3317
 3318
 3319
 3320
 3331
 3334
 3335
 3336
 systemd-journald[2757
 3204
 3206
 3208
 3209
 3210
 3212
 3213
 3214
 3215
 3216
 3217
 3218
 3219
 systemd-journald[2757
 2163
 2164
 2165
 2166
 2167
 2168
 2169
 2170
 2171
 2172
 2173
 2174
 2178
 2179
 2180
 2185
 2186
 2187
 2188
 2189
 2190
 2191
 2192
 2193
 2194
 systemd-journald[2757
 633
 1562
 1564
 1566
 1575
 systemd-journald[2757
 4231783
 143
 147
 488
 512
 3082
 3083
 3084
 3085
 3086
 3087
 3088
 3090
 3091
 3093
 3094
 3095
 3096
 3098
 3099
 3100
 3101
 3102
 3103
 3111
 systemd-journald[2757
 2753
 2754
 2756
 2757
 2758
 2760
 2764
 2767
 systemd-journald[2757
 1437
 1438
 1439
 1440
 1441
 1442
 1443
 1444
 1445
 1446
 1447
 1448
 1449
 1450
 1451
 3793
 3795
 3796
 3797
 3798
 3799
 3800
 3806
 3808
 3809
 3810
 systemd-journald[2757
 1690
 1691
 1692
 1693
 1694
 1698
 1699
 1700
 1701
 1702
 1703
 1704
 1705
 1706
 1707
 1708
 1710
 1711
 1712
 1713
 1714
 1715
 1716
 1717
 1718
 1719
 1720
 1721
 systemd-journald[2757
 201
 205
 215
 221
 229
 230
 systemd-journald[2757
 1799
 1800
 1802
 1809
 1811
 1812
 1813
 2377
 2251
 2252
 2253
 186
 261
 265
 281
 336
 554
 557
 570
 573
 780
 2633
 2635
 2637
 2638
 2642
 2644
 1142
 1147
 1154
 1156
 4547
 4548
 4549
 4550
 4551
 4552
 4553
 4554
 4555
 4556
 4557
 4558
 4559
 4560
 4561
 4562
 4563
 4564
 4565
 4566
 4567
 4568
 4569
 4570
 4571
 4572
 4573
 4574
 4575
 4576
 4577
 4578
 337
 340
 345
 352
 355
 357
 1879
 1881
 1882
 1883
 1884
 1885
 1886
 1887
 1888
 1889
 1890
 1891
 1892
 1893
 1894
 2195
 2198
 2199
 2200
 2201
 2202
 2203
 2204
 2205
 2206
 2207
 2208
 2209
 164
 167
 169
 4342
 4343
 4344
 4345
 4346
 4347
 4348
 4349
 4350
 4351
 4352
 4353
 4354
 4355
 4358
 4359
 4360
 4361
 4362
 4363
 4364
 4365
 4366
 4367
 4368
 4369
 4370
 4371
 4372
 4373
 systemd-journald[2757
 278
 286
 292
 296
 298
 301
 373
 381
 383
 388
 392
 394
 396
 398
 399
 401
 424
 439
 444
 452
 systemd-journald[2757
 837
 1634
 1635
 1636
 1637
 1638
 1639
 1640
 1642
 1643
 1644
 1645
 1646
 1647
 1648
 1649
 1650
 1651
 1652
 1653
 1654
 1655
 systemd-journald[2757
 1870
 1872
 1873
 1895
 1896
 1897
 1898
 1899
 1900
 1901
 systemd-journald[2757
 317
 126
 139
 142
 168
 174
 181
 3522
 1658
 1659
 1660
 1661
 1662
 1663
 1664
 1665
 1666
 1667
 1668
 1669
 1671
 1672
 1673
 1674
 1675
 1676
 1677
 1678
 1679
 1680
 1681
 1682
 1684
 1685
 1686
 1687
 1688
 1689
 systemd-journald[2757
 2677
 2680
 2689
 2692
 2771
 2775
 2787
 2788
 systemd-journald[2757
 4231
 4232
 4233
 4234
 4235
 4236
 4237
 4238
 4239
 4240
 4241
 4242
 4243
 4244
 4247
 4248
 4249
 4250
 4251
 4252
 4253
 4254
 4255
 4256
 4257
 4258
 4259
 4260
 4261
 4262
 systemd-journald[2757
 3432
 3433
 3434
 3435
 3436
 3437
 3438
 3439
 3440
 3441
 3444
 3445
 3446
 3447
 3448
 456
 458
 465
 467
 475
 3220
 3221
 3222
 3235
 3236
 3360
 3361
 3362
 3363
 3369
 3370
 3371
 3374
 3375
 systemd-journald[2757
 4120
 4121
 4122
 4123
 4124
 4125
 4126
 4127
 4128
 4129
 4130
 4131
 4132
 4133
 4136
 4137
 4138
 4139
 4140
 4141
 4142
 4143
 4144
 4145
 4146
 4147
 4148
 4149
 4150
 4151
 systemd-journald[2757
 1850
 1852
 1853
 1854
 1858
 1860
 1861
 1862
 systemd-journald[2757
 58
 59
 60
 61
 62
 63
 64
 65
 66
 67
 68
 69
 70
 71
 72
 73
 74
 75
 76
 77
 78
 79
 80
 81
 82
 83
 84
 85
 86
 87
 88
 89
 127
 128
 129
 130
 131
 132
 133
 134
 135
 136
 137
 138
 139
 140
 141
 142
 143
 144
 145
 146
 147
 148
 149
 150
 151
 152
 153
 154
 155
 156
 157
 158
 10
 11
 12
 13
 14
 15
 16
 17
 18
 19
 20
 21
 22
 23
 24
 25
 26
 27
 28
 29
 30
 31
 32
 33
 34
 35
 36
 37
 38
 39
 40
 41
 1
 2
 3
 4
 5
 6
 7
 8
 10
 12
 14
 17
 19
 20
 21
 22
 23
 24
 25
 26
 27
 28
 29
 30
 31
 26
 27
 28
 29
 30
 31
 32
 33
 34
 35
 36
 37
 38
 39
 40
 41
 42
 43
 44
 45
 46
 47
 48
 49
 50
 51
 52
 53
 54
 55
 56
 57
 98
 99
 100
 101
 102
 103
 104
 105
 106
 107
 108
 109
 110
 111
 112
 113
 114
 115
 116
 117
 118
 119
 120
 121
 122
 123
 124
 125
 126
 90
 91
 92
 93
 94
 95
 96
 97
 277
 300
 2500
 2504
 2505
 2506
 2507
 2508
 2509
 2510
 2511
 2512
 2513
 2514
 2515
 2516
 2517
 2518
 2519
 4523
 4524
 4525
 4526
 4527
 4528
 4529
 4530
 4531
 4532
 4533
 4534
 4535
 4536
 4537
 4538
 2628
 2641
 523
 532
 542
 544
 546
 548
 405
 412
 2778
 2779
 2789
 2794
 2795
 2796
 2798
 2801
 2878
 2882
 2883
 2884
 2885
 2886
 2887
 2888
 2889
 2891
 2892
 2893
 2894
 2895
 2896
 2672
 2673
 2675
 2681
 2739
 2751
 2755
 2756
 2757
 2758
 2760
 2764
 2767
 1429
 2369
 2370
 2371
 2372
 2374
 2375
 2379
 2380
 2387
 2393
 216
 231
 492
 494
 502
 506
 519
 521
 559
 560
 589
 38
 52
 69
 3914
 3915
 3916
 3917
 3918
 3919
 3920
 3921
 3922
 3923
 3924
 3925
 3926
 3927
 3928
 3929
 3930
 3931
 3932
 3933
 3934
 3935
 3936
 3937
 3938
 3939
 3940
 3941
 3942
 3943
 3944
 3945
 4009
 4010
 4011
 4012
 4013
 4014
 4015
 4016
 4017
 4018
 4019
 4020
 4021
 4022
 4025
 4026
 4027
 4028
 4029
 4030
 4031
 4032
 4033
 4034
 4035
 4036
 4037
 4038
 4039
 4040
 606
 610
 616
 635
 2289
 2293
 2294
 2295
 2296
 2297
 2298
 2299
 2300
 2301
 2302
 2303
 2304
 2305
 2306
 2307
 2308
 2309
 2310
 2311
 2313
 2314
 2315
 2316
 2317
 2318
 2319
 2320
 3315
 3316
 3317
 3318
 3319
 3321
 3322
 3323
 3324
 3325
 3326
 3327
 3328
 3329
 3330
 3333
 2709
 2711
 2712
 2714
 2715
 2716
 2717
 2738
 2946
 2947
 2948
 2949
 2950
 2951
 2953
 2958
 2965
 2966
 2968
 248
 714
 715
 716
 650
 656
 664
 1383
 1384
 1385
 1390
 1392
 2916
 2922
 2924
 2925
 2926
 2927
 2928
 2929
 2930
 2932
 2937
 906
 920
 921
 675
 677
 681
 684
 685
 686
 689
 691
 692
 693
 694
 696
 697
 698
 699
 703
 704
 4539
 4540
 4541
 4542
 4543
 4544
 4545
 4546
 922
 942
 943
 944
 945
 946
 947
 948
 949
 950
 953
 180
 193
 666
 672
 738
 739
 748
 749
 750
 752
 755
 756
 759
 761
 765
 769
 94
 118
 1808
 1814
 1815
 1816
 1817
 1819
 983
 984
 985
 986
 987
 988
 992
 997
 998
 999
 1000
 1001
 1002
 1003
 1006
 1007
 1008
 1009
 1011
 1012
 1013
 624
 626
 632
 637
 642
 649
 652
 655
 3946
 3947
 3948
 3949
 3950
 3951
 3952
 3953
 3954
 3955
 3956
 3957
 3958
 3959
 3960
 3961
 3962
 3963
 3964
 3965
 3966
 3967
 3968
 3969
 3970
 3971
 3972
 3973
 3974
 3975
 3976
 3977
 3665
 3666
 3667
 3668
 3669
 3670
 3671
 3674
 3675
 3677
 3678
 3681
 3682
 3683
 3685
 3686
 3687
 3689
 353
 356
 366
 368
 34
 2521
 2524
 2535
 2537
 2545
 2548
 718
 724
 728
 742
 3850
 3851
 3852
 3854
 3856
 3857
 478
 479
 485
 490
 390
 915
 918
 924
 929
 4547
 4548
 4549
 4550
 4551
 4552
 4553
 4554
 4555
 4556
 4557
 4558
 4559
 4560
 4561
 4562
 4563
 4564
 4565
 4566
 4567
 4568
 4569
 4570
 4571
 4572
 4573
 4574
 4575
 4576
 4577
 4578
 1099
 1100
 1101
 1102
 1104
 1105
 1113
 1115
 1116
 1117
 1118
 1120
 1121
 3017
 3018
 3019
 3020
 3021
 3022
 3023
 3024
 3025
 3026
 3027
 3028
 3029
 3030
 3031
 3032
 3034
 3035
 3036
 3038
 3039
 3041
 3042
 657
 669
 670
 1172
 1175
 1194
 1198
 1200
 1201
 1202
 1203
 21
 1722
 1723
 1724
 1725
 1726
 1727
 1728
 1729
 1730
 1731
 1732
 1733
 1734
 1735
 1736
 1738
 1739
 1740
 2982
 2983
 2994
 2996
 2997
 2998
 2999
 3001
 3003
 3004
 3005
 3008
 29
 33
 34
 35
 36
 37
 41
 42
 46
 47
 48
 49
 50
 56
 57
 59
 60
 61
 62
 65
 1861
 1237
 70
 71
 1238
 1239
 72
 73
 1240
 1241
 74
 82
 1242
 1250
 83
 1251
 84
 1253
 85
 86
 1255
 87
 89
 1256
 1257
 90
 91
 1258
 1259
 92
 1260
 93
 1261
 1262
 94
 95
 1263
 1264
 96
 97
 1265
 1267
 98
 101
 1268
 102
 103
 104
 105
 106
 110
 114
 115
 116
 117
 132
 133
 134
 135
 136
 137
 138
 139
 140
 141
 142
 143
 144
 145
 146
 147
 148
 149
 150
 151
 152
 153
 154
 155
 156
 157
 158
 159
 160
 161
 162
 163
 164
 165
 166
 167
 168
 169
 170
 171
 172
 173
 174
 175
 176
 177
 178
 179
 180
 181
 182
 183
 184
 185
 186
 187
 188
 8
 9
 10
 11
 12
 13
 14
 15
 16
 17
 18
 19
 21
 22
 23
 24
 25
 26
 27
 28
 29
 30
 31
 32
 33
 34
 35
 36
 37
 38
 39
 1
 2
 3
 4
 5
 6
 7
 8
 9
 10
 14
 15
 1
 2
 3
 4
 5
 6
 7
 8
 9
 10
 11
 12
 13
 14
 15
 16
 17
 18
 19
 20
 21
 22
 23
 24
 25
 26
 27
 28
 29
 30
 31
 1
 2
 3
 4
 5
 6
 7
 8
 9
 10
 11
 12
 13
 14
 15
 16
 17
 18
 19
 20
 21
 22
 23
 24
 25
 26
 27
 28
 29
 30
 31
 1
 2
 3
 4
 5
 6
 7
 8
 9
 10
 11
 12
 13
 14
 15
 16
 17
 18
 19
 20
 21
 22
 1
 2
 3
 4
 5
 6
 7
 8
 9
 10
 11
 12
 13
 14
 15
 16
 17
 18
 19
 1
 2
 3
 4
 5
 6
 7
 8
 9
 10
 1
 1
 2
 3
 4
 5
 6
 7
 8
 9
 10
 11
 12
 13
 14
 15
 16
 17
 18
 19
 20
 21
 1
 2
 3
 4
 5
 6
 7
 8
 9
 10
 11
 12
 13
 14
 15
 16
 17
 18
 19
 20
 21
 22
 23
 24
 25
 26
 27
 28
 29
 30
 31
 1
 2
 19
 20
 21
 22
 23
 24
 25
 26
 27
 28
 29
 30
 31
 1
 2
 3
 4
 1
 2
 3
 4
 5
 6
 7
 8
 9
 10
 11
 12
 13
 14
 15
 16
 17
 18
 19
 20
 21
 22
 23
 24
 25
 26
 27
 28
 29
 30
 66
 67
 68
 69
 265
 2388
 2389
 2390
 2391
 2392
 2394
 2395
 2396
 2397
 2398
 2399
 2400
 2401
 2402
 2403
 2404
 2405
 2406
 2407
 2408
 2409
 2410
 2411
 2412
 2413
 2414
 2415
 2416
 2417
 2418
 2419
 systemd-journald[2757
 2217
 2218
 2219
 2220
 2221
 2222
 2223
 2224
 2225
 2226
 2227
 2228
 2229
 2230
 2231
 2232
 2233
 2234
 systemd-journald[2757
 328
 330
 341
 344
 358
 systemd-journald[2757
 2848
 2849
 2850
 2851
 2852
 2853
 2854
 2855
 2856
 2857
 2858
 2859
 2860
 2861
 2862
 2863
 2864
 2866
 2868
 2869
 2870
 2871
 2872
 2873
 2876
 1518
 1519
 1520
 1521
 1529
 1530
 1531
 1532
 1533
 1534
 1535
 1536
 1537
 1538
 1539
 1540
 1541
 1542
 1543
 1544
 1545
 1546
 systemd-journald[2757
 3620
 3621
 3622
 3623
 3624
 3625
 3626
 3628
 3629
 3630
 3631
 3632
 3633
 3634
 3635
 3636
 3638
 3639
 3643
 3648
 systemd-journald[2757
 836
 839
 840
 844
 845
 846
 847
 848
 857
 859
 860
 systemd-journald[2757
 782
 786
 791
 792
 793
 794
 795
 799
 806
 807
 2619
 2622
 2626
 2632
 2634
 2636
 2639
 2640
 2643
 42
 43
 44
 45
 47
 48
 49
 50
 51
 52
 53
 54
 55
 56
 58
 60
 61
 62
 63
 64
 systemd-journald[2757
 2792
 2793
 2803
 2804
 2806
 2807
 2821
 2810
 2811
 2812
 2813
 2814
 2815
 2816
 2818
 2819
 2820
 146
 147
 148
 149
 150
 152
 153
 154
 155
 156
 157
 158
 159
 160
 161
 162
 163
 164
 165
 166
 167
 168
 169
 170
 171
 172
 173
 174
 175
 2964
 2967
 2971
 2972
 2973
 2974
 2975
 2977
 2978
 2979
 2980
 2984
 2985
 2986
 3768
 3772
 3775
 3776
 3778
 3779
 3780
 176
 177
 178
 179
 180
 181
 182
 183
 184
 185
 186
 187
 188
 189
 190
 191
 192
 193
 194
 195
 196
 197
 198
 199
 200
 201
 202
 systemd-journald[2757
 379
 381
 382
 384
 385
 389
 390
 391
 392
 393
 395
 396
 397
 398
 399
 400
 402
 403
 404
 405
 406
 407
 2429
 408
 2430
 2432
 2433
 2440
 2441
 2442
 2443
 2444
 2445
 2446
 2447
 2448
 2449
 2450
 2451
 2452
 2453
 2454
 2455
 2456
 2458
 2459
 2460
 2546
 2547
 2549
 2553
 2554
 2555
 2556
 2557
 2558
 2559
 2560
 2561
 2562
 2563
 2564
 2565
 2566
 2567
 2571
 2572
 2573
 2574
 2575
 2576
 309
 310
 311
 312
 313
 314
 315
 316
 317
 318
 319
 320
 321
 322
 323
 324
 325
 326
 327
 328
 329
 330
 331
 332
 333
 334
 335
 336
 337
 338
 339
 340
 6299664
 6300670
 6291762
 6291744
 6291745
 6291746
 6291747
 6291748
 6291749
 6291750
 6291751
 6291752
 6291753
 6291754
 6291755
 6291756
 6291757
 6291758
 6291759
 6291760
 6291761
 6291763
 6291764
 6291765
 6291766
 6291767
 6291768
 6291769
 6291770
 6291771
 6291772
 6291773
 6291774
 6291775
 6291776
 5775387
 5776381
 104
 105
 106
 108
 114
 115
 116
 117
 118
 120
 135
 84
 85
 86
 87
 88
 89
 90
 98
 100
 101
 118
 119
 120
 121
 124
 125
 126
 127
 128
 129
 130
 131
 32
 33
 34
 35
 36
 37
 38
 39
 40
 41
 systemd-journald[2757
 1
 2
 3
 7
 11
 13
 14
 19
 25
 26
 27
 28
 29
 systemd-journald[2757
 3349
 3350
 3351
 3352
 3353
 3354
 3360
 3361
 3362
 3363
 3364
 3369
 3370
 3371
 3374
 3375
 3378
 3379
 1137
 1138
 1140
 1141
 1148
 1151
 1153
 1158
 1159
 1160
 1161
 1162
 1163
 1164
 1165
 1166
 1167
 1776
 1777
 1778
 1779
 1780
 1781
 1782
 1783
 1784
 1786
 1787
 1788
 1790
 1791
 1792
 1793
 1795
 1796
 1801
 1805
 1806
 2677
 2679
 2680
 1820
 4579
 4580
 4581
 4582
 4583
 4584
 4585
 4586
 4587
 4588
 4589
 4590
 4591
 4592
 4593
 4594
 4595
 4596
 4597
 4598
 4599
 4600
 4601
 4602
 4603
 4604
 4605
 4606
 4607
 4608
 4609
 4610
 872
 874
 879
 882
 884
 886
 887
 889
 891
 892
 895
 896
 897
 1169
 1170
 1171
 1173
 1174
 1176
 1177
 1178
 1180
 1183
 1184
 1185
 3722
 3723
 3725
 3726
 3727
 3729
 3730
 3731
 3732
 3733
 3734
 3735
 3737
 3738
 3739
 3742
 3743
 3744
 3746
 3747
 3748
 3749
 3750
 3751
 3752
 647
 651
 2577
 2578
 2579
 2580
 2581
 2582
 2583
 2584
 2587
 2588
 2589
 2590
 2591
 2592
 2593
 2594
 2595
 2596
 2597
 2600
 2938
 2939
 2940
 2941
 2952
 2954
 2955
 234
 239
 244
 246
 249
 2603
 2604
 2605
 2606
 2607
 2608
 2610
 2611
 2612
 2614
 2615
 2616
 2706
 2713
 2720
 2721
 208
 1737
 1741
 1742
 1743
 1744
 1745
 1746
 1747
 1748
 1749
 1750
 1751
 1752
 1753
 1755
 1756
 1757
 1758
 1759
 1760
 1761
 1762
 361
 365
 367
 372
 374
 375
 376
 1855
 1856
 1857
 1859
 1863
 1865
 1866
 1867
 1868
 1869
 1871
 1874
 1876
 1877
 1878
 2724
 2726
 2729
 2730
 2731
 2732
 2733
 2734
 2736
 2737
 2741
 2742
 2743
 2745
 2747
 2748
 3127
 3128
 3129
 3130
 3131
 3132
 3133
 3134
 3135
 3136
 3137
 3138
 3139
 3141
 3143
 3145
 3149
 3150
 3153
 3157
 808
 809
 813
 817
 820
 822
 827
 830
 2890
 2898
 2899
 2900
 2901
 2904
 2905
 2906
 2907
 2912
 2913
 3195
 3198
 3206
 3211
 3223
 3224
 3225
 3226
 1204
 1205
 1206
 1208
 1213
 1218
 1219
 1220
 1223
 1224
 1225
 1226
 1227
 1229
 1230
 1231
 1232
 1234
 1235
 150
 160
 282
 283
 284
 290
 295
 297
 311
 3104
 3105
 3106
 3107
 3108
 3109
 3110
 3112
 3113
 3114
 3115
 3116
 3117
 3118
 3119
 3120
 3121
 3122
 3125
 3126
 3230
 3231
 3232
 3233
 3234
 3235
 3236
 3237
 3238
 3239
 3240
 3242
 3243
 3245
 3246
 3247
 3248
 3249
 3250
 3251
 3252
 3253
 3254
 3255
 3256
 3257
 3258
 3259
 3260
 3261
 1351
 1352
 1353
 1354
 1355
 1356
 1357
 1358
 1359
 1361
 1362
 1364
 1365
 1366
 1367
 1378
 1764
 1765
 1766
 1769
 1770
 1771
 1772
 1773
 377
 378
 382
 384
 386
 387
 393
 395
 397
 400
 580
 584
 586
 594
 596
 600
 700
 707
 709
 711
 2345
 2346
 2349
 2350
 2351
 2352
 2353
 2354
 2355
 2356
 2357
 2359
 2360
 2361
 262
 264
 273
 280
 961
 962
 963
 964
 965
 966
 967
 968
 970
 971
 972
 974
 975
 976
 978
 979
 981
 982
 989
 865
 129
 2259
 2260
 2261
 2262
 2265
 2266
 2267
 2268
 2269
 2270
 2271
 2272
 2273
 2274
 2275
 2278
 2283
 2047
 2048
 2049
 2050
 2051
 2052
 2053
 2054
 2055
 2056
 2057
 2058
 2059
 2063
 2064
 2065
 2067
 2068
 2069
 2070
 2071
 2072
 2073
 2074
 2075
 2076
 2077
 2078
 2010
 2011
 2012
 2013
 2014
 2015
 2016
 2017
 2018
 2019
 2020
 2021
 2022
 2023
 2024
 2026
 2027
 2028
 2030
 2031
 2032
 2033
 2034
 2035
 2036
 2037
 2038
 2039
 2040
 2041
 531
 1936
 1937
 1938
 1939
 1940
 1941
 1942
 1943
 1944
 1945
 1946
 1947
 1948
 1949
 1950
 1952
 1953
 1955
 1956
 1957
 1958
 1959
 1960
 1961
 1962
 1963
 1964
 1965
 1966
 1967
 901
 908
 914
 919
 931
 932
 32
 42
 2478
 2485
 2486
 2487
 2488
 2489
 2490
 2491
 2492
 2493
 2494
 2495
 2496
 2498
 2502
 2503
 109
 404
 3227
 3228
 3229
 1186
 1187
 1188
 1189
 1596
 1597
 1598
 1599
 1600
 1601
 1602
 1603
 1604
 1605
 1606
 1607
 1608
 1609
 1610
 1611
 1612
 1613
 1614
 1615
 1616
 1617
 1618
 1619
 1620
 1621
 1622
 1623
 1624
 1625
 1626
 1627
 70
 1062
 1063
 1064
 1065
 1066
 1067
 1068
 1069
 1070
 1071
 1073
 1074
 1075
 1076
 1077
 1078
 1079
 1084
 1085
 1087
 620
 621
 622
 774
 775
 1452
 1453
 1454
 1455
 1456
 1457
 1460
 1463
 1464
 1466
 1469
 1470
 1471
 1472
 1473
 1477
 1478
 1479
 1480
 1481
 578
 2659
 2662
 2235
 2236
 2237
 2238
 2239
 2240
 2241
 2242
 2243
 2244
 2245
 2246
 2247
 2248
 2249
 2250
 2251
 2254
 2255
 2256
 2257
 1482
 1483
 1484
 1485
 1486
 1487
 1488
 1489
 1490
 1491
 1492
 1493
 1494
 1502
 1004
 1005
 1010
 1014
 1015
 1018
 1019
 1094
 1095
 1097
 1098
 1103
 1106
 1107
 1108
 1114
 1127
 1128
 1129
 1130
 1131
 1132
 1134
 1135
 1136
 4231789
 4231790
 63
 64
 65
 66
 67
 68
 69
 70
 71
 72
 73
 74
 75
 76
 77
 78
 79
 80
 81
 82
 83
 84
 85
 86
 87
 88
 89
 90
 91
 92
 93
 94
 1
 2
 3
 4
 5
 6
 7
 8
 9
 10
 1563
 1564
 1565
 1566
 1567
 1568
 1569
 1570
 1571
 1572
 1573
 1574
 1575
 1576
 1577
 1578
 1579
 1580
 1581
 1582
 1583
 1584
 1585
 1586
 1587
 1588
 1589
 1590
 1591
 1592
 1593
 1594
 144
 145
 146
 147
 148
 149
 150
 151
 152
 153
 154
 155
 156
 157
 158
 159
 160
 161
 162
 163
 164
 165
 166
 167
 168
 169
 170
 171
 172
 173
 174
 175
 276
 277
 278
 279
 280
 281
 282
 283
 284
 285
 286
 287
 288
 289
 290
 291
 292
 293
 294
 295
 296
 297
 298
 299
 300
 301
 302
 303
 304
 305
 306
 307
 1232
 1233
 1234
 1235
 1236
 1237
 1238
 1239
 1240
 1241
 1242
 1243
 1244
 1245
 1246
 1247
 1248
 1249
 1250
 1251
 1252
 1253
 1254
 1255
 1256
 1257
 1258
 1259
 1260
 1261
 1262
 1263
 1161
 1162
 1163
 1164
 1165
 1166
 1167
 1168
 1169
 1170
 1171
 1172
 1173
 1174
 1175
 1176
 1177
 1178
 1179
 1180
 1181
 1182
 1183
 1184
 1185
 1186
 1187
 1188
 1189
 1190
 1191
 1192
 121
 122
 123
 124
 125
 126
 127
 128
 129
 130
 131
 132
 133
 134
 135
 136
 137
 138
 139
 140
 141
 142
 143
 1
 2
 3
 4
 5
 6
 7
 8
 9
 10
 11
 12
 13
 14
 15
 16
 17
 18
 19
 20
 21
 22
 23
 24
 25
 26
 27
 28
 29
 30
 31
 90
 91
 92
 93
 94
 95
 96
 97
 98
 99
 100
 101
 102
 103
 104
 105
 106
 107
 108
 109
 110
 111
 112
 113
 114
 115
 116
 117
 118
 119
 120
 32
 33
 34
 35
 36
 37
 38
 39
 40
 41
 42
 43
 44
 45
 46
 47
 48
 49
 50
 51
 52
 53
 54
 55
 56
 1
 2
 3
 4
 5
 6
 7
 8
 9
 10
 11
 12
 13
 14
 15
 16
 17
 18
 19
 20
 21
 22
 23
 24
 25
 26
 27
 28
 29
 30
 31
 1
 2
 3
 4
 5
 6
 7
 8
 9
 10
 11
 12
 13
 14
 15
 16
 17
 18
 19
 20
 21
 22
 23
 24
 25
 26
 27
 28
 29
 30
 31
 1
 2
 3
 4
 5
 6
 7
 8
 9
 10
 11
 12
 13
 14
 15
 16
 17
 18
 19
 20
 21
 22
 23
 24
 25
 26
 27
 28
 29
 30
 31
 1
 2
 3
 4
 5
 6
 7
 8
 9
 10
 11
 12
 13
 14
 15
 16
 17
 18
 19
 20
 21
 22
 23
 24
 25
 26
 27
 28
 29
 30
 31
 1
 2
 3
 1
 2
 3
 4
 1
 2
 3
 4
 5
 6
 7
 8
 9
 10
 11
 12
 13
 14
 15
 16
 17
 18
 19
 20
 21
 22
 23
 24
 25
 26
 27
 28
 29
 30
 31
 1
 2
 3
 4
 5
 6
 7
 8
 9
 10
 11
 12
 13
 14
 15
 16
 17
 18
 19
 20
 21
 22
 23
 24
 25
 26
 27
 28
 29
 30
 31
 1
 2
 3
 1
 2
 3
 4
 5
 1
 2
 3
 4
 5
 6
 7
 8
 9
 10
 11
 12
 13
 14
 15
 16
 17
 18
 19
 20
 21
 22
 23
 24
 25
 26
 27
 28
 29
 30
 31
 1
 2
 3
 4
 1
 2
 1
 2
 3
 4
 5
 6
 7
 8
 9
 10
 11
 12
 13
 14
 15
 16
 17
 18
 19
 20
 21
 22
 23
 24
 867
 868
 869
 870
 871
 872
 873
 874
 875
 876
 877
 878
 879
 880
 881
 882
 883
 884
 885
 886
 887
 888
 889
 890
 891
 892
 893
 894
 895
 896
 897
 898
 598
 599
 600
 601
 602
 603
 604
 605
 606
 607
 608
 609
 610
 611
 612
 613
 614
 615
 616
 617
 618
 619
 620
 621
 622
 623
 624
 625
 626
 627
 628
 629
 839
 840
 841
 842
 843
 844
 845
 846
 847
 848
 849
 850
 851
 852
 853
 854
 855
 856
 857
 858
 859
 860
 861
 862
 863
 864
 865
 866
 767
 768
 769
 770
 771
 772
 773
 774
 775
 776
 777
 778
 779
 780
 781
 782
 783
 784
 785
 786
 787
 788
 789
 790
 791
 792
 793
 794
 795
 796
 797
 798
 475
 476
 477
 478
 479
 480
 481
 482
 483
 484
 485
 486
 487
 488
 489
 490
 491
 492
 493
 494
 495
 496
 497
 498
 499
 500
 501
 502
 503
 504
 505
 506
 645
 646
 647
 648
 649
 650
 651
 652
 653
 654
 655
 656
 657
 658
 659
 660
 661
 662
 663
 664
 665
 666
 667
 668
 669
 670
 671
 672
 673
 674
 675
 676
 507
 508
 509
 510
 511
 512
 513
 514
 515
 516
 517
 518
 519
 520
 521
 522
 523
 524
 525
 526
 527
 528
 529
 530
 531
 532
 95
 96
 97
 98
 99
 100
 101
 102
 103
 104
 105
 106
 107
 108
 109
 110
 111
 112
 113
 114
 115
 116
 117
 118
 119
 120
 121
 122
 123
 124
 125
 126
 210
 211
 212
 213
 214
 215
 216
 217
 218
 219
 220
 221
 222
 223
 224
 225
 226
 227
 228
 229
 230
 231
 232
 233
 234
 235
 236
 237
 238
 239
 240
 241
 1407
 1408
 1409
 1410
 1411
 1412
 1413
 1414
 1415
 1416
 1417
 1418
 1419
 1420
 1421
 1422
 1423
 1424
 1425
 1426
 1427
 1428
 1429
 1430
 1431
 1432
 1433
 1434
 1435
 1436
 1437
 1438
 62
 63
 64
 65
 66
 67
 68
 69
 70
 71
 72
 73
 74
 75
 76
 77
 78
 79
 80
 81
 82
 83
 84
 85
 86
 87
 88
 89
 90
 91
 92
 93
 1180
 1181
 1182
 1183
 1184
 1185
 1186
 1187
 1188
 1189
 1190
 1191
 1192
 1193
 1194
 1195
 1196
 1197
 1198
 1199
 1200
 1201
 1202
 1203
 1204
 1205
 1206
 1207
 1208
 1209
 1210
 1211
 1067
 1068
 1069
 1070
 1071
 1072
 1073
 1074
 1075
 1076
 1077
 1078
 1079
 1080
 1081
 1082
 1083
 1084
 1085
 1086
 1087
 1088
 1089
 1090
 1091
 1092
 1093
 1094
 1095
 1096
 1097
 1098
 997
 998
 999
 1000
 1001
 1002
 1003
 1004
 1005
 1006
 1007
 1008
 1009
 1010
 1011
 1012
 1013
 1014
 1015
 1016
 1017
 1018
 1019
 1020
 1021
 1022
 1023
 1024
 1025
 1026
 1027
 1028
 707
 708
 709
 710
 711
 712
 713
 714
 715
 716
 717
 718
 719
 720
 721
 722
 723
 724
 725
 726
 727
 728
 729
 730
 731
 732
 733
 734
 735
 736
 737
 738
 321
 322
 323
 324
 325
 326
 327
 328
 329
 330
 331
 332
 333
 334
 335
 336
 337
 338
 339
 340
 341
 342
 343
 344
 345
 346
 347
 348
 349
 350
 351
 352
 624
 625
 626
 627
 628
 629
 630
 631
 632
 633
 634
 635
 636
 637
 638
 639
 640
 641
 642
 643
 644
 645
 646
 647
 648
 649
 650
 651
 652
 653
 654
 655
 441
 442
 443
 444
 445
 446
 447
 448
 449
 450
 451
 452
 453
 454
 455
 456
 457
 458
 459
 460
 461
 462
 463
 464
 465
 466
 467
 468
 469
 470
 471
 472
 137
 138
 139
 140
 141
 142
 143
 144
 145
 146
 147
 148
 149
 150
 151
 152
 153
 154
 155
 156
 157
 158
 159
 160
 161
 162
 163
 164
 165
 166
 167
 168
 296
 297
 298
 299
 300
 301
 302
 303
 304
 305
 306
 307
 308
 309
 310
 311
 312
 313
 314
 315
 316
 317
 318
 319
 320
 120
 121
 122
 123
 124
 125
 126
 127
 128
 129
 130
 131
 132
 133
 134
 135
 136
 94
 95
 96
 97
 98
 99
 100
 101
 102
 103
 104
 105
 106
 107
 108
 109
 110
 111
 112
 113
 114
 115
 116
 117
 118
 119
 257
 258
 259
 260
 261
 262
 263
 264
 265
 266
 267
 268
 269
 270
 271
 272
 273
 274
 275
 221
 222
 223
 224
 225
 226
 227
 228
 229
 230
 231
 232
 233
 234
 235
 236
 237
 238
 239
 240
 241
 242
 243
 244
 245
 246
 247
 248
 249
 250
 251
 252
 34312654758
 38
 39
 40
 41
 42
 43
 44
 45
 46
 47
 48
 49
 50
 51
 52
 53
 54
 55
 56
 57
 58
 59
 60
 61
 62
 63
 64
 65
 66
 67
 68
 69
 220
 221
 222
 223
 224
 225
 226
 227
 228
 229
 230
 231
 232
 233
 234
 235
 236
 237
 238
 239
 240
 241
 242
 243
 244
 245
 246
 247
 248
 249
 250
 251
 32
 33
 34
 35
 36
 37
 38
 39
 40
 41
 42
 43
 44
 45
 46
 47
 48
 49
 50
 51
 52
 53
 54
 55
 56
 57
 58
 59
 60
 32
 33
 34
 35
 36
 37
 38
 39
 40
 32
 33
 34
 35
 36
 37
 38
 39
 40
 41
 42
 43
 44
 45
 46
 47
 48
 49
 50
 51
 52
 53
 54
 55
 56
 57
 58
 59
 60
 61
 62
 34312643577
 176
 177
 178
 179
 180
 181
 182
 183
 184
 185
 186
 187
 188
 189
 190
 191
 192
 193
 194
 195
 196
 197
 198
 199
 200
 201
 202
 308
 309
 310
 311
 312
 313
 314
 315
 316
 317
 318
 319
 320
 321
 322
 323
 324
 325
 326
 327
 328
 329
 330
 1
 2
 3
 4
 5
 6
 7
 8
 9
 10
 11
 12
 13
 14
 15
 16
 17
 18
 19
 20
 21
 22
 10
 11
 12
 13
 14
 15
 16
 17
 18
 19
 20
 21
 22
 23
 24
 25
 26
 27
 28
 29
 30
 31
 32
 33
 34
 35
 36
 37
 38
 39
 40
 41
 1
 2
 3
 4
 5
 6
 7
 8
 9
 10
 11
 12
 13
 14
 15
 16
 17
 18
 19
 20
 21
 22
 23
 24
 25
 26
 27
 28
 29
 30
 31
 42
 43
 44
 45
 46
 47
 48
 49
 50
 51
 52
 53
 54
 55
 56
 57
 58
 59
 60
 61
 62
 63
 64
 65
 66
 67
 68
 69
 70
 71
 72
 73
 74
 75
 76
 77
 78
 79
 80
 81
 82
 83
 84
 85
 86
 87
 88
 89
 90
 91
 92
 93
 94
 102
 103
 104
 105
 106
 107
 108
 109
 110
 111
 112
 113
 114
 115
 116
 117
 118
 119
 120
 121
 122
 123
 124
 125
 126
 127
 128
 129
 130
 131
 132
 133
 1
 2
 3
 4
 5
 6
 7
 8
 9
 10
 11
 12
 13
 14
 15
 16
 1
 2
 3
 4
 5
 6
 7
 1
 2
 3
 4
 5
 6
 7
 1
 2
 3
 4
 34312637290
 4611
 4612
 4613
 4614
 4615
 4616
 4617
 4618
 4619
 4620
 4621
 4622
 4623
 4624
 4625
 4626
 4627
 4628
 4629
 4630
 4631
 4632
 4633
 4634
 4635
 4636
 4637
 4638
 4639
 4640
 4641
 4642
 3286
 3287
 3288
 3290
 3291
 3292
 3293
 3295
 3301
 3302
 3303
 3307
 3548
 3552
 3563
 3564
 3565
 3566
 3568
 3569
 3570
 3571
 3572
 3574
 3575
 3576
 3579
 3587
 3596
 3597
 3598
 3600
 3603
 3604
 3605
 3609
 3612
 3616
 3617
 3618
 3450
 3452
 3454
 3455
 3456
 3457
 3458
 3464
 3470
 2520
 2522
 2523
 2525
 2526
 2527
 2528
 2529
 2530
 2532
 2533
 2538
 2328
 2331
 2343
 2344
 2539
 2540
 2541
 2542
 2544
 3395
 3397
 3400
 3401
 3403
 3404
 3405
 3406
 3407
 3408
 3411
 3413
 3417
 3418
 3419
 3420
 3421
 3422
 3423
 3426
 3074
 3075
 3076
 3077
 3078
 3080
 3081
 3089
 1021
 1022
 1023
 1024
 1025
 1026
 1027
 1028
 1030
 1031
 1032
 1034
 1035
 1036
 3758
 3762
 2461
 2462
 2463
 2464
 2465
 2466
 2467
 2469
 2470
 2471
 2472
 2473
 2474
 2475
 2476
 2477
 1578
 1579
 1580
 1581
 1584
 1585
 1586
 1587
 1588
 1589
 1590
 1591
 1593
 1594
 1595
 4643
 4644
 4645
 4646
 4647
 4648
 4649
 4650
 4651
 4652
 4653
 4654
 4655
 4656
 4657
 4658
 4659
 4660
 4661
 4662
 4663
 4664
 4665
 4666
 4667
 4668
 4669
 4670
 4671
 4672
 4673
 4674
 934
 935
 936
 937
 938
 939
 940
 941
 2420
 2421
 2422
 2423
 2424
 2425
 2426
 2427
 2428
 2819
 2820
 2821
 2824
 2834
 2835
 2836
 2837
 2838
 2840
 2842
 2843
 2844
 2845
 2846
 3262
 3263
 3264
 3265
 3266
 3267
 3268
 3269
 3270
 3271
 3272
 3276
 1393
 1402
 1403
 1405
 1406
 1407
 1408
 1409
 1410
 1411
 1412
 1413
 1414
 3473
 3474
 3478
 3479
 3481
 3482
 3484
 3486
 3488
 3489
 3490
 3491
 3493
 3494
 3495
 448
 2381
 2382
 2383
 2384
 2386
 321
 322
 1555
 1556
 1557
 1560
 1569
 1571
 1572
 1573
 1574
 1576
 1577
 2808
 2809
 2811
 2812
 2813
 2814
 2312
 2321
 3337
 3338
 3341
 3343
 3427
 3428
 3429
 3431
 1547
 1548
 1549
 1550
 1551
 1552
 1553
 1554
 2956
 2957
 2959
 2963
 1683
 1686
 1687
 1688
 1689
 1690
 1691
 1692
 1694
 1695
 1696
 1697
 1709
 1038
 1039
 1040
 1042
 1043
 1044
 1046
 1047
 1048
 1050
 1051
 1052
 1053
 1055
 1056
 1057
 1059
 1060
 1061
 1436
 1445
 1447
 1448
 3523
 3524
 3525
 3526
 3527
 3529
 3531
 3532
 3534
 3535
 3536
 3541
 4675
 4676
 4677
 4678
 4679
 4680
 4681
 4682
 4683
 4684
 4685
 4686
 4687
 4688
 4689
 4690
 4691
 4692
 4693
 4694
 4695
 4696
 4697
 4698
 4699
 4700
 4701
 4702
 4703
 4704
 4705
 4706
 67
 68
 69
 70
 71
 72
 73
 74
 75
 76
 77
 78
 79
 80
 81
 82
 83
 84
 85
 86
 87
 88
 89
 90
 91
 92
 93
 94
 95
 96
 97
 98
 50
 51
 52
 53
 54
 55
 56
 57
 58
 59
 60
 61
 62
 63
 64
 65
 66
 99
 100
 101
 102
 103
 104
 105
 106
 107
 108
 109
 110
 111
 112
 113
 114
 115
 116
 117
 118
 119
 120
 26
 27
 28
 29
 30
 31
 32
 33
 34
 35
 36
 37
 38
 39
 40
 41
 42
 43
 44
 45
 46
 47
 48
 49
 146
 147
 148
 149
 150
 151
 152
 153
 154
 155
 156
 157
 158
 159
 160
 161
 162
 163
 164
 165
 166
 167
 168
 169
 170
 171
 172
 173
 174
 175
 176
 177
 182
 183
 184
 185
 186
 187
 188
 189
 190
 191
 192
 193
 194
 195
 196
 197
 198
 199
 200
 201
 202
 203
 204
 205
 206
 207
 208
 209
 210
 211
 212
 213
 121
 122
 123
 124
 125
 126
 127
 128
 129
 130
 131
 132
 133
 134
 135
 136
 137
 138
 139
 140
 141
 142
 143
 144
 1842
 1844
 1846
 1847
 1848
 2161
 2162
 2163
 2164
 2165
 2166
 2167
 2168
 2169
 2170
 2171
 2172
 2173
 2174
 2177
 2182
 2183
 2184
 2188
 3816
 3817
 3819
 3820
 3821
 3823
 3825
 3828
 3831
 22
 23
 24
 25
 26
 27
 28
 29
 30
 31
 32
 33
 34
 35
 36
 37
 38
 39
 40
 41
 42
 43
 44
 45
 46
 47
 48
 49
 50
 51
 52
 53
 214
 215
 216
 217
 218
 219
 220
 221
 222
 223
 224
 225
 226
 227
 228
 229
 230
 231
 232
 233
 234
 178
 179
 180
 181
 4707
 4708
 4709
 4710
 4711
 4712
 4713
 4714
 4715
 4716
 4717
 4718
 4719
 4720
 4721
 4722
 4723
 4724
 4725
 4726
 4727
 4728
 4729
 4730
 4731
 4732
 4733
 4734
 4735
 4736
 4737
 4738
 18
 3708
 3710
 3711
 3713
 3714
 3715
 3717
 3718
 3720
 3721
 1236
 1247
 1248
 1249
 1252
 1628
 1631
 1632
 1633
 1641
 4788
 4789
 4790
 4791
 4792
 4793
 4794
 4795
 4796
 4797
 4798
 4799
 4800
 4801
 4802
 4803
 4804
 4805
 4806
 4807
 4808
 4809
 4810
 4811
 4812
 4813
 4814
 4815
 4816
 4817
 4818
 4819
 4899
 4900
 4901
 4902
 4903
 4904
 4905
 4906
 4907
 4908
 4909
 4910
 4911
 4912
 4913
 4914
 4915
 4916
 4917
 4918
 4919
 4920
 4921
 4922
 4923
 4924
 4925
 4926
 4927
 4928
 4929
 4930
 5010
 5011
 5012
 5013
 5014
 5015
 5016
 5017
 5018
 5019
 5020
 5021
 5022
 5023
 5024
 5025
 5026
 5027
 5028
 5029
 5030
 5031
 5032
 5033
 5034
 5035
 5036
 5037
 5038
 5039
 5040
 5041
 2291
 2292
 2196
 2197
 5042
 5043
 5044
 5045
 5046
 5047
 5048
 5049
 5050
 5051
 5052
 5053
 5054
 5055
 5056
 5057
 5058
 5059
 5060
 5061
 5062
 5063
 5064
 5065
 5066
 5067
 5068
 5069
 5070
 5071
 5072
 5073
 3002
 3007
 3009
 3010
 5074
 5075
 5076
 5077
 5078
 5079
 5080
 5081
 5082
 5083
 5084
 5085
 5086
 5087
 5088
 5089
 5090
 5091
 5092
 5093
 5094
 5095
 5096
 5097
 5098
 5099
 5100
 5101
 5102
 5103
 5104
 5105
 3580
 3583
 3584
 3585
 1890
 1891
 1892
 1893
 1894
 1895
 1896
 1897
 1898
 1899
 1900
 1901
 1902
 1903
 1904
 1905
 1906
 1907
 1908
 1909
 1910
 1911
 1912
 1913
 1914
 1915
 1916
 1918
 1919
 1920
 1921
 3380
 3381
 3382
 3383
 3384
 3386
 3389
 3390
 3391
 3393
 3394
 1656
 1657
 5106
 5107
 5108
 5109
 5110
 5111
 5112
 5113
 5114
 5115
 5116
 5117
 5118
 5119
 5120
 5121
 5122
 5123
 5124
 5125
 5126
 5127
 5128
 5129
 5130
 5131
 5132
 5133
 5134
 5135
 5136
 5137
 3033
 3040
 3050
 3051
 3052
 3053
 3054
 2749
 2750
 5138
 5139
 5140
 5141
 5142
 5143
 5144
 5145
 5146
 5147
 5148
 5149
 5150
 5151
 5152
 5153
 5154
 5155
 5156
 5157
 5158
 5159
 5160
 5161
 5162
 5163
 5164
 5165
 5166
 5167
 5168
 5169
 5170
 5171
 5172
 5173
 5174
 5175
 5176
 5177
 5178
 5179
 5180
 5181
 5182
 5183
 5184
 5185
 5186
 5187
 5188
 5189
 5190
 5191
 5192
 5193
 5194
 5195
 5196
 5197
 5198
 5199
 5200
 5201
 3542
 3547
 5202
 5203
 5204
 5205
 5206
 5207
 5208
 5209
 5210
 5211
 5212
 5213
 5214
 5215
 5216
 5217
 5218
 5219
 5220
 5221
 5222
 5223
 5224
 5225
 5226
 5227
 5228
 5229
 5230
 5231
 5232
 5233
 3092
 4372
 4373
 4374
 4375
 4376
 4377
 4378
 4379
 4380
 4381
 4382
 4383
 4384
 4385
 4386
 4387
 4388
 4389
 4390
 4391
 4392
 4393
 4394
 4395
 4396
 4397
 4398
 4399
 4400
 4401
 4402
 4403
 4261
 4262
 4263
 4264
 4265
 4266
 4267
 4268
 4269
 4270
 4271
 4272
 4273
 4274
 4275
 4276
 4277
 4278
 4279
 4280
 4281
 4282
 4283
 4284
 4285
 4286
 4287
 4288
 4289
 4290
 4291
 4292
 4152
 4153
 4154
 4155
 4156
 4157
 4158
 4159
 4160
 4161
 4162
 4163
 4164
 4165
 4166
 4167
 4168
 4169
 4170
 4171
 4172
 4173
 4174
 4175
 4176
 4177
 4178
 4179
 4180
 4181
 4182
 4183
 5234
 5235
 5236
 5237
 5238
 5239
 5240
 5241
 5242
 5243
 5244
 5245
 5246
 5247
 5248
 5249
 5250
 5251
 5252
 5253
 5254
 5255
 5256
 5257
 5258
 5259
 5260
 5261
 5262
 5263
 5264
 5265
 4041
 4042
 4043
 4044
 4045
 4046
 4047
 4048
 4049
 4050
 4051
 4052
 4053
 4054
 4055
 4056
 4057
 4058
 4059
 4060
 4061
 4062
 4063
 4064
 4065
 4066
 4067
 4068
 4069
 4070
 4071
 4072
 5266
 5267
 5268
 5269
 5270
 5271
 5272
 5273
 5274
 5275
 5276
 5277
 5278
 5279
 5280
 5281
 5282
 5283
 5284
 5285
 5286
 5287
 5288
 5289
 5290
 5291
 5292
 5293
 5294
 5295
 5296
 5297
 5298
 5299
 5300
 5301
 5302
 5303
 5304
 5305
 5306
 5307
 5308
 5309
 5310
 5311
 5312
 5313
 5314
 5315
 5316
 5317
 5318
 5319
 5320
 5321
 5322
 5323
 5324
 5325
 5326
 5327
 5328
 5329
 4231793
 5330
 5331
 5332
 5333
 5334
 5335
 5336
 5337
 5338
 5339
 5340
 5341
 5342
 5343
 5344
 5345
 5346
 5347
 5348
 5349
 5350
 5351
 5352
 5353
 5354
 5355
 5356
 5357
 5358
 5359
 5360
 5361
 4931
 4932
 4933
 4934
 4935
 4936
 4937
 4938
 4939
 4940
 4941
 4942
 4943
 4944
 4945
 4946
 4947
 4948
 4949
 4950
 4951
 4952
 4953
 4954
 4955
 4956
 4957
 4958
 4959
 4960
 4961
 4962
 4820
 4821
 4822
 4823
 4824
 4825
 4826
 4827
 4828
 4829
 4830
 4831
 4832
 4833
 4834
 4835
 4836
 4837
 4838
 4839
 4840
 4841
 4842
 4843
 4844
 4845
 4846
 4847
 4848
 4849
 4850
 4851
 5362
 5363
 5364
 5365
 5366
 5367
 5368
 5369
 5370
 5371
 5372
 5373
 5374
 5375
 5376
 5377
 5378
 5379
 5380
 5381
 5382
 5383
 5384
 5385
 5386
 5387
 5388
 5389
 5390
 5391
 5392
 5393
 5394
 5395
 5396
 5397
 5398
 5399
 5400
 5401
 5402
 5403
 5404
 5405
 5406
 5407
 5408
 5409
 5410
 5411
 5412
 5413
 5414
 5415
 5416
 5417
 5418
 5419
 5420
 5421
 5422
 5423
 5424
 5425
 5426
 5427
 5428
 5429
 5430
 5431
 5432
 5433
 5434
 5435
 5436
 5437
 5438
 5439
 5440
 5441
 5442
 5443
 5444
 5445
 5446
 5447
 5448
 5449
 5450
 5451
 5452
 5453
 5454
 5455
 5456
 5457
 5458
 5459
 5460
 5461
 5462
 5463
 5464
 5465
 5466
 5467
 5468
 5469
 5470
 5471
 5472
 5473
 5474
 5475
 5476
 5477
 5478
 5479
 5480
 5481
 5482
 5483
 5484
 5485
 5486
 5487
 5488
 5489
 4404
 4405
 4406
 4407
 4408
 4409
 4410
 4411
 4412
 4413
 4414
 4415
 4416
 4417
 4418
 4419
 4420
 4421
 4422
 4423
 4424
 4425
 4426
 4427
 4428
 4429
 4430
 4431
 4432
 4433
 4434
 4435
 4293
 4294
 4295
 4296
 4297
 4298
 4299
 4300
 4301
 4302
 4303
 4304
 4305
 4306
 4307
 4308
 4309
 4310
 4311
 4312
 4313
 4314
 4315
 4316
 4317
 4318
 4319
 4320
 4321
 4322
 4323
 4324
 5490
 5491
 5492
 5493
 5494
 5495
 5496
 5497
 5498
 5499
 5500
 5501
 5502
 5503
 5504
 5505
 5506
 5507
 5508
 5509
 5510
 5511
 5512
 5513
 5514
 5515
 5516
 5517
 5518
 5519
 5520
 5521
 5522
 5523
 5524
 5525
 5526
 5527
 5528
 5529
 5530
 5531
 5532
 5533
 5534
 5535
 5536
 5537
 5538
 5539
 5540
 5541
 5542
 5543
 5544
 5545
 5546
 5547
 5548
 5549
 5550
 5551
 5552
 5553
 5554
 5555
 5556
 5557
 5558
 5559
 5560
 5561
 5562
 5563
 5564
 5565
 5566
 5567
 5568
 5569
 5570
 5571
 5572
 5573
 5574
 5575
 5576
 5577
 5578
 5579
 5580
 5581
 5582
 5583
 5584
 5585
 4184
 4185
 4186
 4187
 4188
 4189
 4190
 4191
 4192
 4193
 4194
 4195
 4196
 4197
 4198
 4199
 4200
 4201
 4202
 4203
 4204
 4205
 4206
 4207
 4208
 4209
 4210
 4211
 4212
 4213
 4214
 4215
 4073
 4074
 4075
 4076
 4077
 4078
 4079
 4080
 4081
 4082
 4083
 4084
 4085
 4086
 4087
 4088
 4089
 4090
 4091
 4092
 4093
 4094
 4095
 4096
 4097
 4098
 4099
 4100
 4101
 4102
 4103
 4104
 5586
 5587
 5588
 5589
 5590
 5591
 5592
 5593
 5594
 5595
 5596
 5597
 5598
 5599
 5600
 5601
 5602
 5603
 5604
 5605
 5606
 5607
 5608
 5609
 5610
 5611
 5612
 5613
 5614
 5615
 5616
 5617
 4739
 4740
 4741
 4742
 4743
 4744
 4745
 4746
 4747
 4748
 4749
 4750
 4751
 4752
 4753
 4754
 4755
 4756
 4757
 4758
 4759
 4760
 4761
 4762
 4763
 4764
 4765
 4766
 4767
 4768
 4769
 4770
 5618
 5619
 5620
 5621
 5622
 5623
 5624
 5625
 5626
 5627
 5628
 5629
 5630
 5631
 5632
 5633
 5634
 5635
 5636
 5637
 5638
 5639
 5640
 5641
 5642
 5643
 5644
 5645
 5646
 5647
 5648
 5649
 5650
 5651
 5652
 5653
 5654
 5655
 5656
 5657
 5658
 5659
 5660
 5661
 5662
 5663
 5664
 5665
 5666
 5667
 5668
 5669
 5670
 5671
 5672
 5673
 5674
 5675
 5676
 5677
 5678
 5679
 5680
 5681
 5682
 5683
 5684
 5685
 5686
 5687
 5688
 5689
 5690
 5691
 5692
 5693
 5694
 5695
 5696
 5697
 5698
 5699
 5700
 5701
 5702
 5703
 5704
 5705
 5706
 5707
 5708
 5709
 5710
 5711
 5712
 5713
 4963
 4964
 4965
 4966
 4967
 4968
 4969
 4970
 4971
 4972
 4973
 4974
 4975
 4976
 4977
 4978
 4979
 4980
 4981
 4982
 4983
 4984
 4985
 4986
 4987
 4988
 4989
 4990
 4991
 4992
 4993
 4994
 4852
 4853
 4854
 4855
 4856
 4857
 4858
 4859
 4860
 4861
 4862
 4863
 4864
 4865
 4866
 4867
 4868
 4869
 4870
 4871
 4872
 4873
 4874
 4875
 4876
 4877
 4878
 4879
 4880
 4881
 4882
 4883
 5714
 5715
 5716
 5717
 5718
 5719
 5720
 5721
 5722
 5723
 5724
 5725
 5726
 5727
 5728
 5729
 5730
 5731
 5732
 5733
 5734
 5735
 5736
 5737
 5738
 5739
 5740
 5741
 5742
 5743
 5744
 5745
 5746
 5747
 5748
 5749
 5750
 5751
 5752
 5753
 5754
 5755
 5756
 5757
 5758
 5759
 5760
 5761
 5762
 5763
 5764
 5765
 5766
 5767
 5768
 5769
 5770
 5771
 5772
 5773
 5774
 5775
 5776
 5777
 5778
 5779
 5780
 5781
 5782
 5783
 5784
 5785
 5786
 5787
 5788
 5789
 5790
 5791
 5792
 5793
 5794
 5795
 5796
 5797
 5798
 5799
 5800
 5801
 5802
 5803
 5804
 5805
 5806
 5807
 5808
 5809
 5810
 5811
 5812
 5813
 5814
 5815
 5816
 5817
 5818
 5819
 5820
 5821
 5822
 5823
 5824
 5825
 5826
 5827
 5828
 5829
 5830
 5831
 5832
 5833
 5834
 5835
 5836
 5837
 5838
 5839
 5840
 5841
 3832
 3835
 5842
 5843
 5844
 5845
 5846
 5847
 5848
 5849
 5850
 5851
 5852
 5853
 5854
 5855
 5856
 5857
 5858
 5859
 5860
 5861
 5862
 5863
 5864
 5865
 5866
 5867
 5868
 5869
 5870
 5871
 5872
 5873
 5874
 5875
 5876
 5877
 5878
 5879
 5880
 5881
 5882
 5883
 5884
 5885
 5886
 5887
 5888
 5889
 5890
 5891
 5892
 5893
 5894
 5895
 5896
 5897
 5898
 5899
 5900
 5901
 5902
 5903
 5904
 5905
 5906
 5907
 5908
 5909
 5910
 5911
 5912
 5913
 5914
 5915
 5916
 5917
 5918
 5919
 5920
 5921
 5922
 5923
 5924
 5925
 5926
 5927
 5928
 5929
 5930
 5931
 5932
 5933
 5934
 5935
 5936
 5937
 5938
 5939
 5940
 5941
 5942
 5943
 5944
 5945
 5946
 5947
 5948
 5949
 5950
 5951
 5952
 5953
 5954
 5955
 5956
 5957
 5958
 5959
 5960
 5961
 5962
 5963
 5964
 5965
 5966
 5967
 5968
 5969
 5970
 5971
 5972
 5973
 5974
 5975
 5976
 5977
 5978
 5979
 5980
 5981
 5982
 5983
 5984
 5985
 5986
 5987
 5988
 5989
 5990
 5991
 5992
 5993
 5994
 5995
 5996
 5997
 5998
 5999
 6000
 6001
 6002
 6003
 6004
 6005
 6006
 6007
 6008
 6009
 6010
 6011
 6012
 6013
 6014
 6015
 6016
 6017
 6018
 6019
 6020
 6021
 6022
 6023
 6024
 6025
 6026
 6027
 6028
 6029
 6030
 6031
 6032
 6033
 6034
 6035
 6036
 6037
 6038
 6039
 6040
 6041
 6042
 6043
 6044
 6045
 6046
 6047
 6048
 6049
 6050
 6051
 6052
 6053
 6054
 6055
 6056
 6057
 6058
 6059
 6060
 6061
 6062
 6063
 6064
 6065
 6066
 6067
 6068
 6069
 6070
 6071
 6072
 6073
 6074
 6075
 6076
 6077
 6078
 6079
 6080
 6081
 6082
 6083
 6084
 6085
 6086
 6087
 6088
 6089
 6090
 6091
 6092
 6093
 6094
 6095
 6096
 6097
 3619
 6098
 6099
 6100
 6101
 6102
 6103
 6104
 6105
 6106
 6107
 6108
 6109
 6110
 6111
 6112
 6113
 6114
 6115
 6116
 6117
 6118
 6119
 6120
 6121
 6122
 6123
 6124
 6125
 6126
 6127
 6128
 6129
 6130
 6131
 6132
 6133
 6134
 6135
 6136
 6137
 6138
 6139
 6140
 6141
 6142
 6143
 490
 491
 6144
 6145
 6146
 6147
 6148
 6149
 6150
 6151
 6152
 6153
 6154
 6155
 6156
 6157
 6158
 6159
 6160
 6161
 6162
 6163
 6164
 6165
 6166
 6167
 6168
 6169
 6170
 6171
 6172
 6173
 6174
 6175
 6176
 6177
 6178
 6179
 6180
 6181
 6182
 6183
 6184
 6185
 6186
 6187
 6188
 6189
 6190
 6191
 6192
 6193
 6194
 6195
 6196
 6197
 6198
 6199
 6200
 6201
 6202
 6203
 6204
 6205
 6206
 6207
 6208
 6209
 6210
 6211
 6212
 6213
 6214
 6215
 6216
 6217
 6218
 6219
 6220
 6221
 6222
 6223
 34112115870
 23043456531
 23043456529
 34359738364
 448
 38
 34112114274
 251
 178
 179
 180
 181
 182
 183
 184
 185
 186
 187
 188
 189
 190
 191
 192
 194
 196
 200
 23043462825
 201
 202
 203
 204
 205
 206
 207
 208
 209
 332
 334
 335
 336
 337
 338
 339
 340
 341
 343
 344
 345
 346
 348
 349
 351
 352
 353
 354
 355
 356
 357
 358
 359
 360
 361
 362
 363
 23043463010
 23043462571
 23043463208
 23043462994
 23043463204
 23043463201
 23043462569
 23043463020
 23043462939
 23043462862
 23043456533
 259
 23043456530
 23043463025
 23043462945
 23043463024
 5776252
 5775377
 5776251
 5767560
 5767552
 5767553
 5767554
 5767555
 5767556
 5767557
 5767558
 5767559
 5767561
 5767562
 5767563
 5767564
 5767565
 5767566
 5767567
 5767568
 5767569
 5767570
 5767571
 5767572
 5767573
 5767574
 5767575
 5767576
 5767577
 5767578
 5767579
 5767580
 5767581
 5767582
 5767583
 5767584
 1
 2
 3
 34359738366
 9238
 1062
 1063
 1064
 1065
 1066
 1067
 1068
 1069
 1070
 1071
 1072
 1073
 1074
 1075
 1076
 1077
 1078
 1079
 1080
 1081
 1082
 1083
 1084
 1085
 1086
 1087
 1088
 1089
 1090
 1091
 1092
 1093
 1094
 5776041
 5775386
 5776433
 5768578
 5768576
 5768577
 5768579
 5768580
 5768581
 5768582
 5768583
 5768584
 5768585
 5768586
 5768587
 5768588
 5768589
 5768590
 5768591
 5768592
 5768593
 5768594
 5768595
 5768596
 5768597
 5768598
 5768599
 5768600
 5768601
 5768602
 5768603
 5768604
 5768605
 5768606
 5768607
 5768608
 1
 2
 3
 15
 16
 17
 18
 19
 20
 21
 22
 23
 24
 25
 26
 27
 28
 29
 30
 31
 32
 31
 38
 34359738365
 4
 5
 6
 7
 37
 34219139267
 30
 34219139263
 6300669
 4
 5
 6
 7
 8
 9
 10
 11
 12
 13
 14
 34359738364
 6292166
 6292160
 6292161
 6292162
 6292163
 6292164
 6292165
 6292167
 6292168
 6292169
 6292170
 6292171
 6292172
 6292173
 6292174
 6292175
 6292176
 6292177
 6292178
 6292179
 6292180
 6292181
 6292182
 6292183
 6292184
 6292185
 6292186
 6292187
 6292188
 6292189
 6292190
 6292191
 6292192
 1
 2
 3
 4
 5
 6
 7
 8
 9
 10
 11
 12
 13
 14
 15
 16
 17
 18
 19
 20
 21
 22
 23
 1
 2
 3
 20
 21
 22
 23
 24
 25
 26
 27
 28
 29
 30
 31
 32
 33
 34
 35
 36
 37
 36
 35
 4
 5
 6
 7
 8
 9
 10
 11
 12
 13
 14
 15
 16
 17
 18
 19
 5776250
 5767301
 5767296
 5767297
 5767298
 5767299
 5767300
 5767302
 5767303
 5767304
 5767305
 5767306
 5767307
 5767308
 5767309
 5767310
 5767311
 5767312
 5767313
 5767314
 5767315
 5767316
 5767317
 5767318
 5767319
 5767320
 5767321
 5767322
 5767323
 5767324
 5767325
 5767326
 5767327
 5767328
 6224
 6225
 6226
 6227
 6228
 6229
 6230
 6231
 6232
 6233
 6234
 6235
 6236
 6237
 6238
 6239
 6240
 6241
 6242
 6243
 6244
 6245
 6246
 6247
 6248
 6249
 6250
 6251
 6252
 6253
 6254
 6255
 1
 2
 3
 4
 4
 3
 34219139264
 5776042
 433
 434
 435
 436
 437
 438
 439
 440
 441
 442
 443
 444
 445
 446
 447
 448
 449
 450
 451
 452
 453
 454
 455
 456
 457
 458
 459
 460
 461
 462
 463
 464
 449
 447
 5776047
 5768871
 5768864
 5768865
 5768866
 5768867
 5768868
 5768869
 5768870
 5768872
 5768873
 5768874
 5768875
 5768876
 5768877
 5768878
 5768879
 5768880
 5768881
 5768882
 5768883
 5768884
 5768885
 5768886
 5768887
 5768888
 5768889
 5768890
 5768891
 5768892
 5768893
 5768894
 5768895
 5768896
 1
 2
 3
 98
 99
 100
 101
 102
 103
 104
 105
 106
 107
 108
 109
 110
 111
 112
 113
 114
 115
 114
 113
 5776132
 3
 2
 34219139237
 25
 32
 33
 34
 35
 36
 24
 34219139234
 34219139235
 444
 445
 446
 448
 4
 5
 6
 7
 8
 9
 10
 11
 12
 13
 14
 15
 16
 17
 18
 19
 20
 21
 22
 23
 24
 25
 26
 27
 28
 29
 30
 31
 32
 33
 34
 35
 29
 34219135538
 34219137647
 34219137645
 34219137644
 203
 206
 207
 208
 209
 210
 211
 212
 213
 214
 215
 216
 217
 218
 219
 220
 221
 34219138714
 136
 137
 138
 22919121293
 3978
 3979
 3980
 3981
 3982
 3983
 3984
 3985
 3986
 3987
 3988
 3989
 3990
 3991
 3992
 3993
 3994
 3995
 3996
 3997
 3998
 3999
 4000
 4001
 4002
 4003
 4004
 4005
 4006
 4007
 4008
 6300477
 6291807
 6291777
 6291778
 6291779
 6291780
 6291781
 6291782
 6291783
 6291784
 6291785
 6291786
 6291787
 6291788
 6291789
 6291790
 6291791
 6291792
 6291793
 6291794
 6291795
 6291796
 6291797
 6291798
 6291799
 6291800
 6291801
 6291802
 6291803
 6291804
 6291805
 6291806
 6291808
 1
 2
 3
 4
 5
 6
 7
 8
 9
 10
 11
 12
 13
 14
 15
 16
 17
 18
 19
 20
 21
 74
 75
 76
 77
 78
 79
 80
 81
 82
 83
 84
 85
 86
 87
 88
 89
 90
 91
 92
 93
 94
 95
 96
 97
 98
 99
 100
 101
 102
 103
 104
 105
 405
 406
 407
 408
 409
 410
 411
 412
 413
 414
 415
 416
 417
 418
 419
 420
 421
 422
 423
 424
 425
 426
 427
 428
 429
 430
 431
 432
 433
 434
 435
 436
 106
 107
 108
 109
 110
 111
 112
 113
 114
 115
 116
 117
 118
 119
 120
 121
 122
 123
 124
 125
 126
 127
 128
 129
 130
 131
 132
 133
 350
 351
 352
 353
 354
 355
 356
 357
 358
 359
 360
 361
 362
 363
 364
 365
 366
 367
 368
 369
 370
 371
 372
 373
 374
 375
 376
 377
 378
 379
 380
 381
 22919121294
 222
 223
 224
 225
 226
 227
 228
 229
 230
 231
 232
 233
 234
 235
 236
 237
 238
 239
 240
 241
 242
 243
 244
 245
 246
 22919121298
 22919121306
 22919121299
 22919121295
 34359738363
 22919121300
 6256
 6257
 6258
 6259
 6260
 6261
 6262
 6263
 6264
 6265
 6266
 6267
 6268
 6269
 6270
 6271
 6272
 6273
 6274
 6275
 6276
 6277
 6278
 6279
 6280
 6281
 6282
 6283
 6284
 6285
 6286
 6287
 34219138715
 67
 68
 69
 70
 71
 72
 73
 74
 75
 76
 77
 78
 79
 80
 81
 82
 83
 84
 85
 86
 87
 88
 89
 90
 91
 92
 93
 94
 95
 96
 97
 4231794
 4231801
 148
 149
 150
 151
 152
 153
 154
 155
 156
 157
 158
 159
 160
 161
 162
 163
 164
 165
 166
 167
 168
 169
 170
 171
 172
 173
 174
 175
 176
 177
 260
 263
 265
 266
 267
 268
 271
 274
 275
 276
 277
 278
 279
 280
 286
 297
 299
 300
 301
 302
 303
 305
 306
 313
 316
 319
 320
 321
 322
 323
 324
 325
 326
 327
 1
 2
 3
 4
 5
 6
 7
 8
 9
 10
 11
 12
 13
 14
 15
 16
 17
 18
 19
 20
 21
 22
 23
 24
 25
 26
 27
 28
 29
 30
 31
 32
 33
 34
 35
 36
 37
 38
 39
 40
 41
 42
 43
 44
 45
 46
 47
 48
 210
 211
 212
 213
 214
 215
 216
 217
 218
 219
 220
 221
 222
 223
 226
 227
 228
 229
 230
 231
 128
 129
 130
 131
 132
 133
 134
 135
 136
 137
 138
 139
 140
 141
 142
 143
 144
 145
 146
 147
 140
 141
 142
 143
 144
 145
 146
 147
 148
 149
 150
 151
 152
 153
 154
 155
 156
 157
 158
 159
 160
 161
 162
 163
 164
 165
 166
 167
 168
 169
 170
 171
 24
 25
 26
 27
 28
 29
 30
 31
 32
 33
 34
 35
 36
 37
 38
 39
 40
 41
 42
 43
 44
 45
 46
 47
 48
 49
 50
 51
 52
 53
 54
 55
 232
 233
 235
 237
 241
 246
 247
 248
 251
 252
 120
 121
 122
 123
 124
 125
 126
 127
 128
 129
 130
 131
 132
 133
 134
 135
 136
 137
 138
 139
 74
 75
 76
 77
 78
 79
 80
 81
 82
 83
 84
 85
 86
 87
 88
 89
 90
 91
 92
 93
 94
 95
 96
 97
 98
 99
 100
 101
 102
 103
 104
 105
 6288
 6289
 6290
 6291
 6292
 6293
 6294
 6295
 6296
 6297
 6298
 6299
 6300
 6301
 6302
 6303
 6304
 6305
 6306
 6307
 6308
 6309
 6310
 6311
 6312
 6313
 6314
 6315
 6316
 6317
 6318
 6319
 172
 173
 174
 175
 176
 177
 178
 179
 180
 181
 182
 183
 184
 185
 186
 187
 188
 189
 190
 191
 192
 193
 194
 195
 196
 197
 198
 199
 200
 201
 202
 203
 145
 4231802
 34112115870
 23043456531
 34359738363
 34359738362
 448
 23043462939
 23043456529
 251
 38
 34112114274
 23043456530
 23043456533
 259
 4231806
 23043463204
 23043462574
 23043463026
 23043462945
 23043463198
 23043462576
 23043463021
 23043463207
 23043463007
 23043462872
 23043462836
 23043462832
 23043463020
 23043462965
 23043463190
 23043463203
 23043463024
 23043462947
 23043462777
 23043463012
 23043456532
 34359738361
 23043463002
 23043463206
 23043463018
 23043463008
 23043463199
 23043463001
 23043462961
 23043463201
 23043462575
 23043463022
 23043462964
 23043463027
 23043463200
 23043463003
 23043463023
 23043462993
 23043463013
 23043462578
 23043462854
 23043462851
 23043462844
 23043463025
 23043463197
 23043463205
 23043462999
 23043463011
 23043462585
 23043462995
 23043463154
 23043462569
 23043463004
 23043462998
 23043462997
 23043463016
 23043462760
 23043463019
 23043463202
 449
 23043463017
 23043462580
 34112114273
 253
 23043463155
 23043463000
 23043463014
 23043462605
 23043462994
 23043463015
 23043463191
 23043462861
 23043462766
 23043462992
 23043463196
 23043462771
 23043463006
 23043463208
 23043463010
 23043462579
 23043462586
 23043463005
 23043462606
 23043463209
 23043462577
 23043462571
 23043462587
 34112115900
 34112115896
 34112115897
 1
 2
 3
 4
 5
 6
 7
 8
 9
 10
 11
 12
 13
 14
 15
 16
 17
 18
 19
 20
 21
 22
 23
 24
 25
 26
 27
 28
 29
 30
 31
 43
 3
 1
 2
 3
 4
 5
 6
 7
 8
 9
 10
 11
 12
 13
 11
 34112115870
 23043456531
 34359738363
 34359738362
 448
 23043462939
 23043456529
 251
 38
 34112114274
 23043456530
 23043456533
 259
 23043463026
 23043462574
 23043463018
 23043462945
 23043462575
 23043462997
 23043463013
 23043463015
 23043463198
 23043462773
 23043462832
 23043462576
 23043462577
 23043462993
 23043463007
 23043463024
 23043463002
 23043463020
 23043462965
 23043463207
 23043463022
 23043456532
 34359738361
 23043463190
 23043463017
 23043463014
 23043463201
 23043463154
 23043462964
 23043463027
 23043463206
 23043463023
 23043462961
 23043463199
 23043462760
 23043463011
 23043463203
 23043462578
 23043462854
 23043462844
 23043463025
 23043462851
 23043463003
 23043463200
 23043462585
 23043463197
 23043463019
 23043462995
 23043463004
 23043463202
 23043462569
 23043463012
 23043463021
 23043462605
 23043463205
 23043463008
 23043463016
 23043462580
 23043463001
 449
 23043462777
 34112114273
 23043462999
 253
 23043463000
 23043463155
 23043462994
 23043463191
 23043462861
 23043462766
 23043462992
 23043463196
 23043462771
 23043463006
 23043463208
 23043463010
 23043462579
 23043462947
 23043462586
 23043463005
 23043462606
 23043463209
 23043463204
 23043462998
 23043462571
 23043462996
 34112115900
 34112115896
 34112115897
 43
 3
 11
 4231807
 4231810
 4231811
 4231814
 34112115870
 23043456531
 23043456529
 34359738364
 448
 23043462939
 251
 23043463201
 23043462571
 23043463022
 23043463025
 23043463021
 23043462569
 23043463209
 23043463014
 23043463198
 23043456533
 259
 38
 23043456530
 34112114274
 23043463197
 23043462945
 23043463023
 23043463020
 34112114273
 23043462999
 23043462994
 23043463202
 23043463015
 23043463019
 23043463154
 23043462578
 4719125
 4719104
 4719105
 4719106
 4719107
 4719108
 4719109
 4719110
 4719111
 4719112
 4719113
 4719114
 4719115
 4719116
 4719117
 4719118
 4719119
 4719120
 4719121
 4719122
 4719123
 4719124
 4719126
 4719127
 4719128
 4719129
 4719130
 4719131
 4719132
 4719133
 4719134
 4719135
 6320
 6321
 6322
 6323
 6324
 6325
 6326
 6327
 6328
 6329
 6330
 6331
 6332
 6333
 6334
 6335
 6336
 6337
 6338
 6339
 6340
 6341
 6342
 6343
 6344
 6345
 6346
 6347
 6348
 6349
 6350
 6351
 4729799
 4726812
 4718625
 4718627
 4718628
 4718629
 4718630
 4718631
 4718632
 4718633
 4718634
 4718635
 4718636
 4718637
 4718638
 4718639
 4718640
 4718641
 4718642
 4718643
 4718644
 4718645
 4718646
 4718647
 4718648
 4718649
 4718650
 4718651
 4718652
 7340047
 478
 479
 449
 5776269
 5767781
 5767776
 5767777
 5767778
 5767779
 5767780
 5767782
 5767783
 5767784
 5767785
 5767786
 5767787
 5767788
 5767789
 5767790
 5767791
 5767792
 5767793
 5767794
 5767795
 5767796
 5767797
 5767798
 5767799
 5767800
 5767801
 5767802
 5767803
 5767804
 5767805
 5767806
 5767807
 5767808
 1
 2
 3
 34359738366
 4
 5
 6
 7
 8
 9
 10
 11
 12
 13
 14
 15
 16
 15
 38
 34359738365
 37
 34124588490
 34359738364
 12
 34124588486
 5776189
 5767292
 5767264
 5767265
 5767266
 5767267
 5767268
 5767269
 5767270
 5767271
 5767272
 5767273
 5767274
 5767275
 5767276
 5767277
 5767278
 5767279
 5767280
 5767281
 5767282
 5767283
 5767284
 5767285
 5767286
 5767287
 5767288
 5767289
 5767290
 5767291
 5767293
 5767294
 5767295
 32
 33
 34
 35
 36
 37
 38
 39
 40
 41
 42
 43
 43
 42
 7
 6
 34124588487
 449
 447
 25
 24
 34124588460
 34124588461
 444
 445
 446
 448
 39
 40
 41
 34124585896
 34124586862
 34124586860
 34124586859
 23063094139
 23063094140
 13
 23063094141
 1
 2
 3
 4
 5
 6
 1
 2
 3
 4
 5
 6
 7
 8
 9
 10
 11
 12
 13
 14
 15
 16
 17
 18
 19
 20
 21
 22
 23
 24
 25
 26
 27
 28
 29
 30
 31
 32
 33
 34
 35
 36
 37
 38
 39
 40
 41
 42
 43
 44
 45
 46
 47
 48
 49
 50
 51
 52
 53
 54
 55
 56
 57
 58
 59
 60
