 22942046446
 22942046447
 22942046448
 22942046449
 22942046450
 22942046451
 22942046452
 22942046453
 22942046454
 22942046455
 22942046456
 22942046457
 22942046458
 22942046459
 22942046460
 22942046461
 22942046462
 22942046463
 22942046464
 22942046465
 22942046466
 22942046467
 22942046468
 22942046469
 22942046470
 22942046471
 22942046472
 22942046473
 22942046474
 22942046475
 22942046476
 22942046477
 22942046478
 22942046479
 22942046480
 22942046481
 22942046482
 22942046483
 22942046484
 22942046485
 22942046486
 22942046487
 22942046488
 22942046489
 22942046494
 22942046256
 22942046257
 22942046258
 22942046260
 22942046261
 22942046262
 22942046263
 3012
 3013
 3014
 3015
 3016
 3017
 3018
 3019
 3020
 3021
 3022
 3023
 3024
 3025
 3026
 3027
 3028
 3029
 3030
 3031
 3032
 3033
 3034
 3035
 3036
 3037
 3038
 3039
 3040
 3041
 3042
 3043
 3044
 3045
 3046
 3047
 3048
 3049
 3050
 3051
 3052
 3053
 3054
 3055
 3056
 3057
 3058
 3059
 3060
 3061
 3062
 3063
 3064
 3065
 3066
 3067
 3068
 3069
 3070
 3071
 3072
 3073
 3074
 3075
 22942046498
 22942046495
 22942046490
 268
 269
 270
 271
 272
 273
 274
 275
 276
 277
 278
 279
 280
 281
 282
 283
 284
 285
 286
 287
 288
 289
 290
 291
 292
 293
 294
 295
 296
 297
 298
 299
 22942046506
 22942046499
 22942046500
 22942046501
 22942046502
 22942046503
 22942046504
 22942046505
 68
 69
 70
 71
 72
 73
 74
 107
 108
 102
 103
 104
 105
 106
 107
 108
 109
 110
 111
 112
 113
 114
 115
 4230442
 4230443
 4230462
 4230463
 4230466
 4230467
 4230470
 1
 2
 8
 9
 4230471
 4230474
 1
 2
 3
 4
 5
 6
 7
 8
 9
 10
 11
 12
 13
 14
 15
 16
 5776381
 6815825
 6815808
 6815809
 6815810
 6815811
 6815812
 6815813
 6815814
 6815815
 6815816
 6815817
 6815818
 6815819
 6815820
 6815821
 6815822
 6815823
 6815824
 6815826
 6815827
 6815828
 6815829
 6815830
 6815831
 6815832
 6815833
 6815834
 6815835
 6815836
 6815837
 6815838
 6815839
 6815840
 3076
 3077
 3078
 3079
 3080
 3081
 3082
 3083
 3084
 3085
 3086
 3087
 3088
 3089
 3090
 3091
 3092
 3093
 3094
 3095
 3096
 3097
 3098
 3099
 3100
 3101
 3102
 3103
 3104
 3105
 3106
 3107
 6824252
 6824268
 5775471
 5775920
 5767273
 5767265
 5767266
 5767267
 5767268
 5767269
 5767270
 5767271
 5767272
 5767274
 5767275
 5767276
 5767277
 5767278
 5767279
 5767280
 5767281
 5767282
 5767283
 5767284
 5767285
 5767286
 5767287
 5767288
 5767289
 5767290
 5767291
 5767292
 5767293
 5767294
 5767295
 5775793
 5775921
 5767226
 5767200
 5767201
 5767202
 5767203
 5767204
 5767205
 5767206
 5767207
 5767208
 5767209
 5767210
 5767211
 5767212
 5767213
 5767214
 5767215
 5767216
 5767217
 5767218
 5767219
 5767220
 5767221
 5767222
 5767223
 5767224
 5767225
 5767227
 5767228
 5767229
 5767230
 5767231
 5775766
 5775767
 22942045022
 4230475
 4230478
 22942046507
 22942046512
 22942046575
 22942046544
 22942046545
 22942046513
 22942046514
 22942046515
 22942046516
 22942046517
 22942046518
 22942046519
 22942046520
 22942046521
 22942046522
 22942046523
 22942046524
 22942046525
 22942046526
 22942046527
 22942046528
 22942046529
 22942046530
 22942046531
 22942046532
 22942046533
 22942046534
 22942046535
 22942046536
 22942046537
 22942046538
 22942046539
 22942046540
 22942046541
 22942046542
 22942046543
 22942046546
 22942046547
 22942046548
 22942046549
 22942046550
 22942046551
 22942046552
 22942046553
 22942046554
 22942046555
 22942046556
 22942046557
 22942046558
 22942046559
 22942046560
 22942046561
 22942046562
 22942046563
 22942046564
 22942046565
 22942046566
 22942046567
 22942046568
 22942046569
 22942046570
 22942046571
 22942046572
 22942046573
 22942046574
 22942046576
 22942046577
 22942046578
 22942046579
 22942046580
 22942046581
 22942046582
 22942046583
 22942046584
 22942046585
 22942046586
 22942046587
 22942046588
 22942046589
 22942046590
 22942046591
 22942046592
 22942046593
 22942046594
 22942046595
 22942046596
 22942046597
 22942046598
 22942046599
 22942046600
 22942046601
 22942046602
 22942046603
 22942046604
 22942046605
 22942046606
 22942046607
 22942046608
 22942046508
 22942046509
 22942046510
 22942046511
 4729799
 4729841
 4729804
 34094387700
 34359738364
 448
 34094317568
 34094383773
 34094383774
 34094384838
 38
 449
 34094338612
 25
 61
 267
 34094383776
 22942046293
 22942046607
 22942046608
 22942046294
 22942046282
 22942046275
 34359738366
 1062
 1063
 1064
 1065
 1066
 1067
 1068
 1069
 1070
 1071
 1072
 1073
 1074
 1075
 1076
 1077
 1078
 1079
 1080
 1081
 1082
 1083
 1084
 1085
 1086
 1087
 1088
 1089
 1090
 1091
 1092
 1093
 1094
 5776433
 486
 37
 38
 39
 38
 34359738364
 37
 34126747052
 478
 34126747048
 34359738363
 5776047
 34094387443
 5768871
 5768864
 5768865
 5768866
 5768867
 5768868
 5768869
 5768870
 5768872
 5768873
 5768874
 5768875
 5768876
 5768877
 5768878
 5768879
 5768880
 5768881
 5768882
 114
 113
 5776004
 21
 21
 20
 34126747049
 25
 24
 5776132
 7
 6
 449
 447
 34126747022
 34126747023
 444
 445
 446
 448
 475
 476
 477
 479
 480
 481
 482
 483
 484
 485
 34126745339
 34126744277
 34126744275
 34126744274
 23118741285
 23118741286
 23118738579
 23118738590
 23118741287
 3108
 3109
 3110
 3111
 3112
 3113
 3114
 3115
 3116
 3117
 3118
 3119
 3120
 3121
 3122
 3123
 3124
 3125
 3126
 3127
 3128
 3129
 3130
 3131
 3132
 3133
 3134
 3135
 3136
 3137
 3138
 3139
 23118738606
 23118738585
 23118738578
 4719031
 4719008
 4719009
 4719010
 4719011
 4719012
 4719013
 4719014
 4719015
 4719016
 4719017
 4719018
 4719019
 4719020
 4719021
 4719022
 4719023
 4719024
 4719025
 4719026
 4719027
 4719028
 4719029
 4719030
 4719032
 4719033
 4719034
 4719035
 4719036
 4719037
 4719038
 4719039
 4719040
 4728010
 23118741288
 23118741289
 23118738574
 121
 129
 130
 131
 132
 133
 135
 136
 137
 138
 139
 140
 141
 142
 143
 144
 145
 23118741297
 23118741290
 4726815
 23118738582
 67
 68
 69
 70
 71
 72
 73
 74
 75
 76
 77
 78
 79
 80
 81
 82
 83
 84
 85
 86
 87
 88
 89
 90
 91
 92
 93
 94
 95
 96
 97
 34094386553
 12
 13
 14
 15
 16
 17
 18
 19
 20
 21
 22
 23
 24
 25
 26
 27
 28
 29
 30
 31
 32
 34359738362
 33
 34
 35
 36
 34359738361
 37
 38
 39
 40
 41
 42
 23106291348
 34094381163
 34094382261
 64
 65
 66
 67
 68
 69
 70
 71
 72
 73
 74
 75
 76
 77
 78
 79
 80
 81
 82
 83
 84
 85
 86
 70
 71
 72
 73
 74
 75
 76
 77
 78
 79
 80
 81
 82
 83
 84
 85
 86
 87
 88
 89
 90
 91
 92
 93
 94
 95
 96
 60
 61
 62
 63
 65
 66
 67
 68
 69
 70
 71
 72
 73
 74
 75
 76
 122
 123
 124
 125
 126
 127
 128
 129
 130
 131
 132
 133
 134
 135
 136
 137
 138
 139
 140
 141
 142
 143
 144
 145
 146
 147
 148
 149
 150
 151
 152
 153
 2180
 2181
 2182
 2183
 2184
 2185
 2186
 2187
 2188
 2189
 2190
 2191
 2192
 2193
 2194
 2195
 34094369385
 34094367789
 34094336033
 21
 22
 23
 24
 25
 26
 27
 28
 29
 30
 31
 32
 33
 34
 35
 36
 37
 38
 39
 40
 2143
 2144
 2145
 2146
 2147
 2148
 2149
 2150
 2151
 2152
 2153
 2154
 2155
 2156
 2157
 2158
 2106
 2107
 2108
 2109
 2110
 2111
 2112
 2113
 2114
 2115
 2116
 2117
 2118
 2119
 2120
 2121
 70
 71
 76
 78
 79
 81
 85
 88
 93
 94
 95
 96
 5251111
 5251113
 4230479
 4230483
 1
 2
 3
 4
 5
 6
 7
 8
 9
 10
 11
 12
 13
 14
 15
 16
 17
 18
 19
 20
 21
 22
 23
 24
 25
 26
 27
 28
 29
 3140
 3141
 3142
 3143
 3144
 3145
 3146
 3147
 3148
 3149
 3150
 3151
 3152
 3153
 3154
 3155
 3156
 3157
 3158
 3159
 3160
 3161
 3162
 3163
 3164
 3165
 3166
 3167
 3168
 3169
 3170
 3171
 4230484
 4230487
 4230488
 4230491
 34112115870
 23043456531
 23043456529
 34359738364
 448
 23043462994
 251
 23043463025
 23043462571
 23043463000
 23043463024
 23043462964
 23043463202
 23043462569
 23043463018
 23043463203
 23043463021
 23043463019
 38
 23043463020
 34112114274
 23043456533
 259
 23043456530
 23043462945
 34359738366
 486
 38
 34359738365
 34359738364
 37
 34252171326
 478
 34252171322
 34359738363
 114
 113
 21
 20
 34252171323
 25
 24
 7
 6
 449
 447
 34252171296
 34252171297
 444
 445
 446
 448
 475
 476
 477
 479
 480
 481
 482
 483
 484
 485
 34252169613
 34252168551
 34252168549
 34252168548
 22999741380
 22999741381
 22999739613
 22999739624
 22999741382
 22999739640
 22999739619
 22999739612
 22999741383
 22999741384
 22999739607
 226
 227
 228
 229
 230
 231
 232
 233
 234
 235
 236
 237
 238
 239
 240
 241
 22999739616
 34359738362
 34359738361
 22999741385
 34252171297
 34252168549
 34359738364
 34252169613
 38
 25
 486
 34252168548
 449
 34252168551
 448
 22999741382
 34359738366
 486
 38
 37
 34248962202
 478
 34359738365
 34248962198
 114
 113
 21
 20
 34248962199
 25
 24
 7
 6
 449
 447
 34248962172
 34248962173
 444
 445
 446
 448
 475
 476
 477
 479
 480
 481
 482
 483
 484
 485
 34248960489
 34248959427
 34248959425
 34248959424
 23098254865
 23098254866
 23098251873
 23098251884
 23098254867
 23098251900
 23098251879
 23098251872
 23098254868
 23098254869
 53
 54
 55
 56
 57
 58
 59
 60
 61
 62
 63
 64
 65
 66
 67
 68
 69
 70
 71
 72
 73
 74
 75
 76
 77
 78
 79
 80
 81
 82
 83
 84
 23098251859
 23098254877
 23098254870
 23098254871
 23098254879
 23098251876
 34248962173
 34248959425
 23098254869
 34359738365
 34248960489
 38
 25
 486
 34248959424
 449
 34248959427
 34359738366
 34359738366
 252
 253
 254
 255
 256
 257
 258
 259
 260
 261
 262
 263
 264
 265
 266
 267
 268
 269
 270
 271
 272
 273
 274
 275
 268
 38
 37
 34198946182
 34359738365
 266
 34198946178
 23098254872
 118
 119
 120
 121
 122
 123
 124
 125
 126
 127
 128
 125
 124
 40
 34198946179
 114
 113
 21
 20
 25
 24
 34198946152
 7
 6
 34359738364
 449
 447
 35
 36
 37
 38
 36
 34
 34198946153
 16
 17
 18
 19
 20
 21
 22
 23
 24
 25
 26
 27
 28
 27
 36
 37
 38
 39
 40
 41
 42
 43
 44
 45
 44
 43
 12
 34198946150
 74
 73
 38
 37
 296
 294
 34198946151
 39
 40
 41
 42
 43
 44
 45
 46
 45
 44
 3
 3
 2
 4
 4
 3
 34198946148
 54
 55
 56
 57
 58
 59
 60
 61
 3172
 3173
 3174
 3175
 3176
 3177
 3178
 3179
 3180
 3181
 3182
 3183
 3184
 3185
 3186
 3187
 3188
 3189
 3190
 3191
 3192
 3193
 3194
 3195
 3196
 3197
 3198
 3199
 3200
 3201
 3202
 3203
 60
 58
 3
 3
 2
 76
 75
 34198946149
 229
 226
 48
 47
 3
 2
 34198946146
 14
 13
 82
 80
 34198946147
 302
 301
 113
 106
 604
 591
 34198946144
 14
 13
 2
 24
 23
 34198946145
 28
 27
 36
 35
 34198946142
 7
 6
 2
 1
 34198946143
 34198946140
 34198946141
 34198946138
 34198946139
 444
 445
 446
 448
 592
 564
 565
 566
 567
 568
 569
 570
 571
 572
 573
 574
 575
 576
 577
 578
 579
 580
 581
 582
 583
 584
 585
 586
 587
 588
 589
 590
 593
 594
 595
 596
 597
 598
 599
 600
 601
 602
 603
 46
 197
 198
 199
 200
 201
 202
 203
 204
 205
 206
 207
 208
 209
 210
 211
 212
 213
 214
 215
 216
 217
 218
 219
 220
 221
 213
 214
 215
 216
 217
 218
 219
 220
 221
 222
 223
 224
 225
 227
 228
 74
 107
 103
 104
 105
 108
 109
 110
 111
 112
 299
 300
 59
 38
 39
 40
 41
 42
 43
 295
 290
 291
 292
 293
 70
 71
 72
 35
 36
 79
 81
 35
 38
 39
 122
 123
 265
 267
 34198943277
 34198942215
 34198942213
 34198942212
 34198926227
 23085163713
 34198929472
 23085163714
 23085160050
 23085160055
 23085163715
 23085160061
 23085160077
 23085160051
 23085163716
 23085163717
 34198935535
 23085163718
 23085163719
 23085163720
 23085163721
 23085163722
 23085163723
 34198929470
 23085163724
 23085163725
 23085163726
 23085163727
 23085163728
 23085163729
 23085163730
 23085163731
 23085163732
 23085163733
 23085163734
 23085163735
 23085163736
 23085163737
 23085163738
 23085163746
 23085163745
 23085163739
 23085163740
 23085163741
 23085163742
 23085163743
 23085163744
 23085163755
 23085163747
 23085163748
 23085163749
 23085163750
 23085163751
 23085163752
 23085163753
 23085163754
 23085163756
 23085163757
 23085163766
 23085163758
 23085163759
 23085163760
 23085163761
 23085163762
 23085163763
 23085163764
 23085163765
 23085163767
 34359738363
 23085163768
 34198897051
 34198897050
 34198897049
 34198942214
 34198863872
 34198863873
 34198863874
 34198897048
 11
 10
 34198863875
 1
 6
 5
 34198897047
 34198863890
 34198937936
 23085163769
 23085163770
 61
 60
 213
 211
 209
 210
 212
 23085163771
 23085163772
 2
 1
 23085163773
 23085163774
 23085163775
 23085163776
 23085163777
 23085163778
 125
 124
 123
 34198891620
 34359738362
 34359738360
 34359738361
 34198891619
 23085163779
 23085163780
 23085163781
 23085163782
 23085163783
 23085163784
 23085163785
 23085163786
 23085163787
 23085163788
 23085163789
 23085163790
 23085163791
 23085163792
 23085163793
 23085163794
 23085163795
 23085163796
 23085163797
 23085163798
 23085163799
 23085163800
 23085163801
 23085163803
 23085163802
 23085163805
 23085163804
 23085163806
 23085163807
 23085163808
 23085163809
 23085163810
 23085163811
 23085163812
 23085163813
 23085163814
 23085163815
 23085163816
 23085163817
 23085163818
 23085163819
 23085163820
 23085163821
 23085163822
 23085163823
 23085163824
 23085163825
 23085163826
 23085163827
 23085163828
 23085163829
 23085163831
 23085163830
 23085163833
 23085163832
 34198892864
 3204
 3205
 3206
 3207
 3208
 3209
 3210
 3211
 3212
 3213
 3214
 3215
 3216
 3217
 3218
 3219
 3220
 3221
 3222
 3223
 3224
 3225
 3226
 3227
 3228
 3229
 3230
 3231
 3232
 3233
 3234
 3235
 23085163834
 23085163835
 23085163836
 23085163852
 23085163837
 23085163838
 23085163839
 23085163840
 23085163841
 23085163842
 23085163843
 23085163844
 23085163845
 23085163846
 23085163847
 23085163848
 23085163849
 23085163850
 23085163851
 23085163853
 23085163885
 23085163854
 23085163855
 23085163856
 23085163857
 23085163858
 23085163859
 23085163860
 23085163861
 23085163862
 23085163863
 23085163864
 23085163865
 23085163866
 23085163867
 23085163868
 23085163869
 23085163870
 23085163871
 23085163872
 23085163873
 23085163874
 23085163875
 23085163876
 23085163877
 23085163878
 23085163879
 23085163880
 23085163881
 23085163882
 23085163883
 23085163884
 23085163886
 23085163887
 23085163888
 23085163889
 23085163890
 23085163898
 23085163891
 23085163892
 23085163893
 23085163894
 23085163895
 23085163896
 23085163897
 23085163899
 23085163901
 23085163900
 23085163905
 23085163902
 23085163903
 23085163904
 23085163906
 23085163937
 23085163907
 23085163908
 23085163909
 23085163910
 23085163911
 23085163912
 23085163913
 23085163914
 23085163915
 23085163916
 23085163917
 23085163918
 23085163919
 23085163920
 23085163921
 23085163922
 23085163923
 23085163924
 23085163925
 23085163926
 23085163927
 23085163928
 23085163929
 23085163930
 23085163931
 23085163932
 23085163933
 23085163934
 23085163935
 23085163936
 23085163938
 23085163939
 23085163940
 23085163941
 23085163942
 23085163943
 23085163951
 23085163944
 23085163945
 23085163946
 23085163947
 23085163948
 23085163949
 23085163950
 23085163952
 23085163954
 23085163953
 23085163956
 23085163955
 34198937937
 40
 39
 23085163957
 23085163958
 23085163959
 23085163960
 23085163961
 23085163962
 23085163963
 23085163964
 23085163965
 23085163966
 23085163967
 23085163968
 23085163969
 23085163970
 23085163971
 23085163972
 23085163973
 23085163974
 23085163975
 23085163976
 23085163977
 23085163981
 23085163986
 34198939076
 34198946075
 34198946076
 34198946077
 34198946078
 34198946079
 34198946080
 34198946081
 34198946082
 34198946083
 34198946084
 34198946085
 34198946086
 34198946087
 34198946088
 34198946089
 34198946090
 34198946091
 34198946092
 34198946093
 34198946094
 34198946095
 34198946096
 34198946097
 34198946098
 34198946099
 34198946100
 34198946101
 34198946102
 34198946103
 34198946104
 34198946105
 34198946106
 34198946107
 34198946108
 34198946109
 34198946110
 34198946111
 34198946112
 34198946113
 34198946114
 34198946115
 34198946116
 34198946117
 34198946118
 34198946119
 34198946120
 34198946121
 34198946122
 34198946123
 34198946124
 34198946125
 34198946126
 34198946127
 34198946128
 34198946129
 34198946130
 34198946131
 34198946132
 34198946133
 34198946134
 34198946135
 34198946136
 34198946137
 23085163987
 23085163988
 23085163989
 23085163990
 23085163991
 23085163992
 23085163993
 23085163994
 23085163995
 23085163996
 23085163997
 23085163998
 23085163999
 23085164000
 23085164001
 23085164002
 23085164003
 23085164004
 23085164005
 23085164006
 23085164007
 23085164008
 23085164009
 23085164010
 23085164011
 23085164012
 23085164013
 23085164014
 23085164015
 23085164016
 23085164017
 23085164018
 23085164019
 23085164020
 23085164021
 23085164022
 23085164023
 23085164024
 23085164025
 23085164026
 23085164027
 23085164028
 23085164029
 23085164030
 23085164031
 23085164032
 23085164033
 23085164034
 23085164035
 23085164036
 23085164037
 23085164038
 23085164039
 23085164040
 23085164041
 23085164042
 23085164043
 23085164044
 23085164045
 23085164046
 23085164047
 23085164048
 23085164049
 23085164050
 23085164051
 23085164052
 23085164053
 23085164054
 23085164055
 23085164056
 23085164057
 23085164058
 23085164059
 23085164060
 23085164061
 23085164062
 23085164063
 23085164064
 23085164065
 23085164066
 23085164067
 23085164068
 23085164069
 23085164070
 23085164071
 23085164072
 23085164073
 23085164074
 23085164075
 23085164076
 23085164077
 23085164078
 23085164079
 23085164080
 23085164081
 23085164082
 23085164083
 23085164084
 23085164085
 23085164086
 23085164087
 23085164088
 23085164089
 23085164090
 23085164091
 23085164092
 23085164093
 23085164094
 23085164095
 23085164096
 23085164097
 23085164098
 23085164099
 23085164100
 23085164101
 23085164102
 23085164103
 23085164104
 23085164105
 23085164106
 23085164107
 23085164108
 23085164109
 23085164110
 23085164111
 23085164112
 23085164113
 23085164114
 23085164115
 23085164116
 23085164117
 23085164118
 23085164119
 23085164120
 23085164121
 23085164122
 23085164123
 23085164124
 23085164125
 23085164126
 23085164127
 23085164128
 23085164129
 23085164130
 23085164131
 23085164132
 23085164133
 23085164134
 23085164135
 23085164136
 23085164137
 23085164138
 23085164139
 23085164140
 23085164141
 23085164142
 23085164143
 23085164144
 23085164145
 23085164146
 23085164147
 23085164148
 23085164149
 23085164150
 23085164151
 23085164152
 23085164153
 23085164154
 23085164155
 23085164156
 23085164157
 23085164158
 23085164159
 23085164160
 23085164161
 23085164162
 23085164163
 23085164164
 23085164165
 23085164166
 23085164167
 23085164168
 23085164169
 23085164170
 23085164171
 23085164172
 23085164173
 23085164174
 23085164175
 23085164176
 23085164177
 23085164178
 23085164179
 23085164180
 23085164181
 23085164182
 23085164183
 23085164184
 23085164185
 23085164186
 23085164187
 23085164188
 23085164189
 23085164190
 23085164191
 23085164192
 23085164193
 23085164194
 23085164195
 23085164196
 23085164197
 23085164198
 23085164199
 23085164200
 23085164201
 23085164202
 23085164203
 23085164204
 23085164205
 23085164206
 23085164207
 23085164208
 23085164209
 23085164210
 23085164211
 23085164216
 23085163978
 23085163979
 23085163980
 23085163982
 23085163983
 23085163984
 23085163985
 3236
 3237
 3238
 3239
 3240
 3241
 3242
 3243
 3244
 3245
 3246
 3247
 3248
 3249
 3250
 3251
 3252
 3253
 3254
 3255
 3256
 3257
 3258
 3259
 3260
 3261
 3262
 3263
 3264
 3265
 3266
 3267
 23085164220
 23085164217
 23085164212
 23085164228
 23085164221
 23085164222
 23085164223
 23085164224
 23085164225
 23085164226
 23085164227
 23085160056
 4230492
 4230500
 365
 366
 367
 368
 369
 370
 371
 372
 373
 374
 375
 376
 377
 378
 379
 380
 381
 382
 383
 384
 385
 386
 387
 388
 389
 390
 391
 392
 393
 394
 395
 396
 397
 398
 399
 400
 401
 402
 403
 404
 405
 406
 407
 408
 409
 410
 411
 412
 413
 414
 415
 416
 417
 418
 419
 58
 59
 60
 61
 62
 63
 64
 65
 66
 67
 68
 69
 70
 71
 72
 73
 74
 75
 76
 77
 78
 79
 80
 81
 82
 83
 84
 85
 86
 87
 88
 89
 231
 232
 233
 234
 235
 236
 237
 238
 239
 240
 241
 242
 243
 244
 245
 246
 247
 248
 249
 250
 251
 252
 253
 254
 255
 256
 257
 258
 259
 260
 261
 262
 191
 192
 193
 194
 195
 196
 197
 198
 199
 200
 201
 202
 203
 204
 205
 206
 207
 208
 209
 210
 211
 212
 213
 214
 215
 216
 217
 218
 219
 220
 221
 222
 36
 37
 38
 39
 40
 41
 42
 43
 44
 45
 46
 47
 48
 49
 50
 51
 52
 53
 54
 55
 56
 57
 58
 59
 60
 61
 62
 63
 64
 65
 66
 67
 173
 174
 175
 176
 177
 178
 179
 180
 181
 182
 183
 184
 185
 186
 187
 188
 189
 190
 3268
 3269
 3270
 3271
 3272
 3273
 3274
 3275
 3276
 3277
 3278
 3279
 3280
 3281
 3282
 3283
 3284
 3285
 3286
 3287
 3288
 3289
 3290
 3291
 3292
 3293
 3294
 3295
 3296
 3297
 3298
 3299
 2043
 2044
 2045
 2046
 2047
 1969
 1970
 1971
 1972
 1973
 422
 423
 424
 425
 426
 427
 428
 429
 430
 431
 432
 433
 434
 435
 436
 437
 438
 439
 440
 441
 442
 443
 444
 445
 446
 447
 448
 449
 450
 451
 452
 453
 102
 103
 104
 105
 106
 107
 108
 109
 110
 111
 112
 113
 114
 115
 116
 117
 118
 119
 120
 121
 122
 123
 124
 125
 126
 127
 128
 129
 130
 131
 132
 133
 36
 37
 38
 39
 40
 41
 42
 43
 44
 45
 46
 47
 48
 49
 50
 51
 52
 53
 54
 55
 56
 57
 58
 59
 60
 61
 62
 63
 64
 65
 66
 67
 6
 7
 8
 9
 10
 11
 12
 13
 14
 15
 16
 17
 18
 19
 20
 21
 22
 23
 24
 25
 26
 27
 28
 29
 30
 31
 32
 33
 34
 35
 1932
 1933
 1934
 1935
 1936
 88
 89
 91
 92
 93
 94
 95
 96
 97
 98
 99
 100
 101
 102
 103
 104
 105
 106
 107
 108
 109
 110
 111
 112
 113
 115
 116
 117
 118
 119
 31
 32
 33
 34
 35
 36
 37
 38
 39
 40
 41
 42
 43
 44
 45
 46
 47
 48
 49
 50
 51
 52
 53
 54
 55
 56
 57
 58
 59
 61
 90
 91
 92
 93
 94
 95
 96
 97
 98
 99
 100
 101
 102
 103
 104
 105
 106
 107
 108
 109
 110
 111
 112
 113
 114
 115
 116
 117
 118
 119
 120
 121
 57
 58
 59
 60
 61
 62
 63
 64
 65
 66
 67
 68
 69
 70
 71
 72
 73
 74
 75
 76
 77
 78
 79
 80
 81
 82
 83
 84
 85
 86
 87
 88
 122
 123
 124
 125
 126
 127
 128
 129
 130
 131
 132
 133
 134
 135
 136
 137
 138
 139
 140
 141
 142
 143
 144
 145
 146
 147
 148
 149
 150
 151
 144
 145
 146
 147
 148
 149
 150
 151
 152
 153
 154
 155
 156
 157
 158
 159
 160
 161
 162
 163
 164
 165
 166
 167
 168
 169
 170
 171
 172
 173
 174
 175
 162
 163
 164
 165
 166
 167
 168
 169
 170
 171
 172
 173
 174
 175
 176
 177
 178
 179
 180
 181
 182
 183
 184
 185
 186
 187
 188
 189
 190
 191
 192
 193
 152
 153
 154
 155
 156
 157
 158
 159
 160
 161
 63
 64
 65
 66
 67
 68
 69
 75
 76
 77
 78
 79
 80
 81
 82
 83
 84
 85
 86
 87
 472
 473
 474
 475
 476
 477
 478
 479
 480
 481
 482
 483
 484
 485
 486
 487
 488
 489
 490
 491
 492
 493
 494
 495
 496
 497
 498
 499
 500
 501
 502
 503
 297
 298
 299
 300
 301
 302
 303
 304
 305
 306
 307
 308
 309
 310
 311
 312
 313
 314
 315
 316
 317
 318
 319
 320
 321
 322
 323
 324
 325
 326
 327
 328
 3300
 3301
 3302
 3303
 3304
 3305
 3306
 3307
 3308
 3309
 3310
 3311
 3312
 3313
 3314
 3315
 3316
 3317
 3318
 3319
 3320
 3321
 3322
 3323
 3324
 3325
 3326
 3327
 3328
 3329
 3330
 3331
 504
 505
 506
 507
 508
 509
 510
 511
 512
 513
 514
 515
 516
 517
 518
 519
 520
 521
 522
 523
 524
 525
 526
 527
 68
 69
 2081
 2082
 2083
 2084
 269
 270
 271
 272
 273
 274
 275
 276
 277
 278
 279
 280
 281
 282
 283
 284
 285
 286
 287
 288
 289
 290
 291
 292
 293
 294
 295
 296
 134
 135
 136
 137
 138
 139
 140
 141
 142
 143
 144
 145
 146
 147
 148
 149
 150
 151
 152
 153
 154
 155
 156
 157
 158
 159
 160
 161
 162
 163
 164
 165
 166
 167
 168
 169
 170
 171
 172
 173
 174
 175
 176
 177
 178
 179
 180
 181
 182
 183
 1
 2
 3
 4
 5
 6
 7
 70
 71
 72
 73
 74
 75
 76
 77
 78
 79
 80
 81
 82
 83
 76
 77
 78
 79
 80
 81
 82
 83
 84
 85
 86
 87
 88
 89
 90
 91
 92
 93
 94
 95
 96
 97
 98
 99
 100
 101
 126
 127
 128
 129
 130
 131
 132
 133
 134
 135
 136
 137
 138
 139
 140
 141
 142
 221
 222
 223
 224
 225
 226
 227
 228
 229
 230
 231
 232
 233
 234
 235
 236
 237
 238
 239
 240
 241
 242
 243
 244
 245
 246
 247
 248
 249
 250
 251
 252
 2
 3
 4
 5
 6
 7
 8
 9
 10
 11
 12
 13
 14
 15
 16
 17
 18
 19
 20
 21
 22
 23
 24
 4230501
 4230505
 666
 19
 16
 15
 3025
 369
 211
 210
 209
 208
 1222
 1221
 1220
 1219
 1021
 1020
 678
 370
 3029
 3030
 3019
 3034
 3033
 3031
 3032
 3022
 3021
 3020
 3027
 3024
 3028
 3023
 3332
 3333
 3334
 3335
 3336
 3337
 3338
 3339
 3340
 3341
 3342
 3343
 3344
 3345
 3346
 3347
 3348
 3349
 3350
 3351
 3352
 3353
 3354
 3355
 3356
 3357
 3358
 3359
 3360
 3361
 3362
 3363
 33
 34
 35
 36
 37
 38
 39
 40
 41
 42
 43
 44
 45
 46
 47
 48
 49
 50
 51
 52
 53
 54
 55
 56
 57
 58
 59
 60
 61
 62
 63
 64
 16
 17
 18
 19
 20
 21
 22
 23
 24
 25
 26
 27
 28
 29
 30
 31
 32
 1
 2
 3
 4
 5
 6
 7
 8
 9
 10
 11
 12
 13
 14
 15
 65
 66
 67
 68
 69
 70
 71
 72
 73
 74
 75
 76
 77
 78
 79
 80
 81
 82
 83
 84
 85
 86
 87
 88
 89
 90
 23085164229
 23085164234
 23085164297
 23085164266
 23085164267
 23085164235
 23085164236
 23085164237
 23085164238
 23085164239
 23085164240
 23085164241
 23085164242
 23085164243
 23085164244
 23085164245
 23085164246
 23085164247
 23085164248
 23085164249
 23085164250
 23085164251
 23085164252
 23085164253
 23085164254
 23085164255
 23085164256
 23085164257
 23085164258
 23085164259
 23085164260
 23085164261
 23085164262
 23085164263
 23085164264
 23085164265
 23085164268
 23085164269
 23085164270
 23085164271
 23085164272
 23085164273
 23085164274
 23085164275
 23085164276
 23085164277
 23085164278
 23085164279
 23085164280
 23085164281
 23085164282
 23085164283
 23085164284
 23085164285
 23085164286
 23085164287
 23085164288
 23085164289
 23085164290
 23085164291
 23085164292
 23085164293
 23085164294
 23085164295
 23085164296
 23085164298
 23085164299
 23085164300
 23085164301
 23085164302
 23085164303
 23085164304
 23085164305
 23085164306
 23085164307
 23085164308
 23085164309
 23085164310
 23085164311
 23085164312
 23085164313
 23085164314
 23085164315
 23085164316
 23085164317
 23085164318
 23085164319
 23085164320
 23085164321
 23085164322
 23085164323
 23085164324
 23085164325
 23085164326
 23085164327
 23085164328
 23085164329
 23085164330
 23085164230
 23085164231
 23085164232
 23085164233
 34248962173
 34248959425
 34359738365
 34248960489
 38
 25
 448
 449
 23098254870
 34248959424
 23098251884
 486
 34248959427
 34359738366
 486
 38
 34359738364
 37
 34112792968
 478
 34112792964
 34359738363
 114
 113
 21
 20
 34112792965
 25
 24
 7
 6
 449
 447
 34112792938
 34112792939
 444
 445
 446
 448
 475
 476
 477
 479
 480
 481
 482
 483
 484
 485
 34112791255
 34112790193
 34112790191
 34112790190
 23055302869
 23055302870
 23055298043
 23055298054
 23055302871
 23055298070
 23055298049
 23055298042
 23055302872
 23055302873
 34359738362
 34359738361
 23055302881
 23055302874
 23055302875
 23055302883
 34198946139
 34359738364
 448
 34198863872
 34198942212
 34198942213
 34198943277
 38
 449
 34198897051
 25
 61
 267
 34198942215
 23085163986
 23085164330
 23085164329
 23085164016
 23085164015
 23085164009
 34359738366
 486
 38
 34359738365
 37
 34165255477
 478
 34165255473
 34359738364
 114
 113
 21
 20
 34198945882
 34165255474
 25
 24
 7
 6
 449
 447
 34165255447
 34165255448
 444
 445
 446
 448
 475
 476
 477
 479
 480
 481
 482
 483
 484
 485
 34165253764
 34165252702
 34165252700
 34165252699
 22940234298
 22940234299
 22940227156
 22940227167
 22940234300
 22940227183
 22940227162
 22940227155
 22940234301
 22940234302
 22940227159
 22940234310
 22940234303
 22940234304
 22940234312
 34359738362
 34359738360
 22940227152
 22940234318
 22940227157
 22940234328
 4729805
 34165255319
 22940234330
 22940234329
 4729838
 3364
 3365
 3366
 3367
 3368
 3369
 3370
 3371
 3372
 3373
 3374
 3375
 3376
 3377
 3378
 3379
 3380
 3381
 3382
 3383
 3384
 3385
 3386
 3387
 3388
 3389
 3390
 3391
 3392
 3393
 3394
 3395
 34359738363
 4729119
 4729798
 4729796
 4729797
 34165224191
 34165224190
 34165224174
 34165194752
 34165224175
 34165224176
 34165255448
 34359738365
 448
 34165194752
 34165252699
 34165252700
 34165253764
 38
 449
 34165224191
 25
 486
 34165252702
 34359738364
 22940234300
 22940234328
 22940234301
 34359738366
 486
 38
 37
 34238656279
 478
 34238656275
 34359738365
 114
 113
 21
 20
 34238656276
 25
 24
 7
 6
 449
 447
 34238656249
 34238656250
 444
 445
 446
 448
 475
 476
 477
 479
 480
 481
 482
 483
 484
 485
 34238654566
 34238653504
 34238653502
 34238653501
 22919792866
 22919792867
 22919792592
 22919792603
 22919792868
 22919792619
 22919792598
 22919792591
 22919792869
 22919792870
 22919792588
 22919792587
 22919792871
 22919792596
 22919792873
 22919792879
 34359738364
 22919792872
 22919792888
 22919792904
 22919792920
 22919792936
 4
 22919792905
 22919792906
 22919792907
 22919792908
 22919792909
 22919792910
 22919792911
 22919792912
 22919792913
 22919792914
 22919792915
 22919792916
 22919792917
 22919792918
 22919792919
 22919792924
 22919792932
 34359738363
 288
 4718592
 289
 4726831
 22919792904
 22919792920
 22919792936
 22919792905
 22919792906
 22919792907
 22919792908
 22919792909
 22919792910
 22919792911
 22919792912
 22919792913
 22919792914
 22919792915
 22919792916
 22919792917
 22919792918
 22919792919
 22919792924
 22919792932
 4726836
 22919792904
 22919792920
 22919792936
 22919792905
 22919792906
 22919792907
 22919792908
 22919792909
 22919792910
 22919792911
 22919792912
 22919792913
 22919792914
 22919792915
 22919792916
 22919792917
 22919792918
 22919792919
 22919792924
 22919792932
 34238656185
 34238656248
 34238656186
 22919792881
 22919792874
 34238656187
 34238656188
 22919792875
 22919792876
 34238656189
 22919792877
 34238656190
 34238656191
 22919792878
 34238656192
 22919792880
 34238656193
 34238656194
 34238656195
 34238656196
 34238656197
 34238656198
 34238656199
 34238656200
 34238656201
 34238656202
 34238656203
 34238656204
 34238656205
 34238656206
 34238656207
 34238656208
 34238656209
 34238656210
 34238656211
 34238656212
 34238656213
 34238656214
 34238656215
 34238656216
 34238656217
 34238656218
 34238656219
 34238656220
 34238656221
 34238656222
 34238656223
 34238656224
 34238656225
 34238656226
 34238656227
 34238656228
 34238656229
 34238656230
 34238656231
 34238656232
 34238656233
 34238656234
 34238656235
 34238656236
 34238656237
 34238656238
 34238656239
 34238656240
 34238656241
 34238656242
 34238656243
 34238656244
 34238656245
 34238656246
 34238656247
 4726838
 22919792904
 22919792920
 22919792936
 22919792905
 22919792906
 22919792907
 22919792908
 22919792909
 22919792910
 22919792911
 22919792912
 22919792913
 22919792914
 22919792915
 22919792916
 22919792917
 22919792918
 22919792919
 22919792882
 22919792883
 22919792884
 22919792885
 22919792886
 22919792887
 22919792924
 22919792932
 22919792889
 22919792925
 22919792890
 22919792933
 22919792891
 22919792926
 22919792892
 22919792893
 22919792927
 22919792934
 22919792894
 22919792895
 22919792896
 22919792928
 22919792897
 22919792929
 22919792935
 22919792898
 22919792930
 22919792899
 22919792900
 22919792931
 22919792901
 22919792902
 22919792903
 22919792921
 22919792922
 22919792923
 1
 2
 3
 4
 5
 6
 7
 8
 9
 10
 11
 12
 13
 14
 3396
 3397
 3398
 3399
 3400
 3401
 3402
 3403
 3404
 3405
 3406
 3407
 3408
 3409
 3410
 3411
 3412
 3413
 3414
 3415
 3416
 3417
 3418
 3419
 3420
 3421
 3422
 3423
 3424
 3425
 3426
 3427
 15
 16
 17
 18
 19
 20
 21
 22
 23
 24
 25
 26
 27
 28
 29
 30
 31
 32
 33
 34
 35
 36
 37
 38
 39
 40
 41
 42
 43
 44
 45
 46
 4726850
 22919792904
 22919792920
 22919792936
 22919792905
 22919792906
 22919792907
 22919792908
 22919792909
 22919792910
 22919792911
 22919792912
 22919792913
 22919792914
 22919792915
 22919792916
 22919792917
 22919792918
 22919792919
 22919792924
 22919792932
 4726802
 22940234336
 34248962173
 34248959425
 34359738365
 34248960489
 38
 25
 486
 34248959424
 449
 34248959427
 448
 23098254870
 34359738366
 486
 38
 37
 34142092782
 34359738365
 478
 34142092778
 114
 113
 21
 20
 34142092779
 25
 24
 7
 6
 449
 447
 34142092752
 34142092753
 444
 445
 446
 448
 475
 476
 477
 479
 480
 481
 482
 483
 484
 485
 34142091069
 34142090007
 34142090005
 34142090004
 23140071758
 23140071759
 23140070435
 23140070446
 23140071760
 23140070462
 23140070441
 23140070434
 23140071761
 23140071762
 34359738364
 34359738363
 34359738362
 23140071770
 23140071763
 23140071764
 23140071772
 23140071765
 23140071773
 34359738361
 34359738360
 34359738359
 34359738358
 23140070431
 23140071780
 23140070436
 23140071790
 23140070438
 34142092624
 23140071798
 23140071791
 23140071799
 4729840
 23140071796
 4729823
 23140071797
 4729833
 4729832
 23140071800
 23098254873
 23098254881
 34359738363
 34359738361
 23098251869
 23098254888
 23098251874
 23098254898
 34248962044
 23098254899
 23098254900
 23098254908
 23098254902
 23098254901
 34359738364
 4729795
 4729812
 4729813
 4729814
 290
 291
 23098254910
 23085164213
 23085164214
 23085164215
 34198891622
 34198944992
 34198939602
 34198940700
 32
 33
 34
 35
 36
 37
 38
 39
 40
 41
 42
 43
 44
 45
 46
 47
 48
 34198927824
 34198926228
 34198894472
 34248962173
 34248959425
 34359738366
 34359738365
 34248960489
 38
 25
 486
 34248959424
 449
 34248959427
 448
 23098254866
 23098254870
 23098254869
 34359738366
 486
 38
 34359738365
 37
 34153265758
 478
 34153265754
 34359738364
 114
 113
 21
 20
 34153265755
 25
 24
 7
 6
 449
 447
 34153265728
 34153265729
 444
 445
 446
 448
 475
 476
 477
 479
 480
 481
 482
 483
 484
 485
 34153264045
 34153262983
 34153262981
 34153262980
 23129029709
 23129029710
 23129025631
 23129025642
 23129029711
 23129025658
 23129025637
 23129025630
 23129029712
 23129029713
 23129029721
 34359738363
 34252171297
 34252168549
 34359738364
 34252169613
 38
 25
 486
 34252168548
 449
 34252168551
 448
 22999741383
 22999741382
 34359738366
 486
 38
 37
 34284144065
 478
 34284144061
 34359738365
 114
 113
 21
 20
 34284144062
 25
 24
 7
 6
 449
 447
 34284144035
 34284144036
 444
 445
 446
 448
 475
 476
 477
 479
 480
 481
 482
 483
 484
 485
 34284142352
 34284141290
 34284141288
 34284141287
 22964373712
 22964373713
 22964365901
 22964365912
 22964373714
 22964365928
 22964365907
 22964365900
 22964373715
 22964373716
 85
 86
 87
 88
 89
 90
 91
 92
 93
 94
 95
 96
 97
 34359738364
 22964365894
 22964373724
 22964373718
 22964373717
 22964373726
 34359738363
 34359738361
 34359738360
 22964365897
 22964373732
 22964365902
 22964373742
 22964365904
 34284143907
 190
 193
 22964373744
 34359738362
 22964373746
 22964373745
 22964373754
 22964373747
 22964373743
 3428
 3429
 3430
 3431
 3432
 3433
 3434
 3435
 3436
 3437
 3438
 3439
 3440
 3441
 3442
 3443
 3444
 3445
 3446
 3447
 3448
 3449
 3450
 3451
 3452
 3453
 3454
 3455
 3456
 3457
 3458
 3459
 4729810
 22964373748
 22964373749
 22964373757
 22964373755
 22964373756
 22964373765
 22964373773
 22964373766
 22964373767
 22964373768
 22964373769
 22964373758
 22964373759
 22964373760
 22964373761
 22964373772
 22964373771
 22964373770
 1
 2
 3
 22964373762
 22964373763
 22964373764
 4
 5
 6
 7
 8
 9
 10
 11
 12
 13
 14
 15
 16
 17
 18
 19
 20
 21
 22
 23
 24
 25
 26
 27
 28
 29
 30
 31
 32
 33
 34
 35
 36
 37
 38
 39
 40
 41
 42
 43
 44
 45
 46
 47
 48
 49
 50
 51
 52
 53
 54
 55
 56
 57
 58
 59
 60
 61
 62
 63
 22964373750
 22964373752
 22964373751
 22964365905
 4729811
 4729116
 4729117
 4729820
 22964373786
 22964373802
 22964373818
 22964373753
 22964373787
 22964373788
 22964373789
 22964373790
 22964373791
 22964373792
 22964373793
 22964373794
 22964373795
 22964373796
 22964373797
 22964373798
 22964373799
 22964373800
 22964373801
 22964373806
 22964373814
 34284144036
 34284141288
 34359738365
 34284142352
 38
 25
 486
 34284141287
 449
 34284141290
 448
 22964373743
 22964373748
 22964373744
 22964373714
 6817003
 6816992
 6816993
 6816994
 6816995
 6816996
 6816997
 6816998
 6816999
 6817000
 6817001
 6817002
 6817004
 6817005
 6817006
 6817007
 6817008
 6817009
 6817010
 6817011
 6817012
 6817013
 6817014
 6817015
 6817016
 6817017
 6817018
 6817019
 6817020
 6817021
 6817022
 6817023
 6817024
 6825545
 5775422
 5775430
 5775423
 5775378
 5776288
 5776252
 5776125
 5767469
 5767457
 5767458
 5767459
 5767460
 5767461
 5767462
 5767463
 5767464
 5767465
 5767466
 5767467
 5767468
 5767470
 5767471
 5767472
 5767473
 5767474
 5767475
 5767476
 5767477
 5767478
 5767479
 5767480
 5767481
 5767482
 5767483
 5767484
 5767485
 5767486
 5767487
 1
 2
 3
 34359738366
 245
 246
 247
 248
 249
 250
 251
 252
 253
 254
 255
 256
 257
 258
 259
 260
 261
 262
 263
 264
 265
 266
 261
 38
 37
 34250011649
 34359738365
 247
 34250011645
 4
 5
 6
 7
 8
 9
 10
 11
 12
 13
 14
 15
 16
 17
 18
 19
 20
 21
 22
 23
 24
 25
 26
 27
 28
 29
 30
 31
 32
 33
 34
 35
 36
 35
 1
 2
 3
 27
 28
 29
 30
 31
 32
 33
 34
 35
 36
 37
 38
 39
 40
 41
 42
 43
 43
 42
 34250011646
 5776245
 1
 2
 3
 4
 5
 6
 7
 8
 8
 7
 34359738364
 449
 447
 114
 113
 34250011619
 3
 2
 5776431
 3460
 3461
 3462
 3463
 3464
 3465
 3466
 3467
 3468
 3469
 3470
 3471
 3472
 3473
 3474
 3475
 3476
 3477
 3478
 3479
 3480
 3481
 3482
 3483
 3484
 3485
 3486
 3487
 3488
 3489
 3490
 3491
 1
 2
 3
 3
 25
 24
 34250011620
 34250011617
 34250011618
 444
 445
 446
 448
 4
 39
 4
 5
 6
 7
 8
 9
 10
 11
 12
 14
 15
 16
 17
 18
 19
 20
 21
 22
 24
 25
 26
 40
 41
 224
 225
 226
 227
 228
 229
 230
 231
 232
 233
 234
 235
 236
 237
 238
 239
 240
 241
 242
 243
 244
 240
 241
 36
 37
 38
 39
 40
 41
 42
 43
 44
 45
 46
 47
 48
 49
 50
 51
 52
 53
 54
 55
 56
 57
 58
 59
 60
 61
 62
 63
 64
 65
 66
 67
 242
 243
 244
 245
 246
 252
 253
 254
 255
 256
 257
 258
 259
 260
 34250006843
 34250009469
 34250009467
 34250009466
 34250011096
 23017457224
 185
 186
 187
 188
 189
 190
 191
 192
 193
 194
 195
 196
 197
 198
 199
 200
 201
 202
 203
 204
 205
 206
 207
 208
 209
 210
 211
 212
 213
 214
 215
 216
 107
 108
 109
 110
 111
 112
 113
 114
 115
 116
 117
 118
 119
 120
 121
 122
 123
 124
 125
 126
 127
 128
 129
 130
 131
 132
 133
 134
 135
 136
 137
 138
 71
 72
 73
 74
 75
 76
 77
 78
 79
 80
 81
 82
 83
 84
 85
 86
 87
 88
 89
 90
 91
 92
 93
 94
 95
 96
 97
 98
 99
 100
 101
 102
 4230506
 23017457226
 23017455392
 23017455394
 23017455391
 23017457227
 23017457228
 168
 169
 170
 171
 172
 173
 174
 175
 176
 177
 178
 179
 180
 181
 182
 183
 184
 23017457229
 23017455395
 23017457230
 248
 140
 141
 142
 143
 144
 145
 146
 147
 148
 149
 150
 151
 152
 153
 154
 155
 156
 157
 158
 159
 160
 161
 162
 163
 164
 165
 166
 167
 23017455393
 217
 218
 219
 220
 221
 222
 223
 6292445
 6292416
 6292417
 6292418
 6292419
 6292420
 6292421
 6292422
 6292423
 6292424
 6292425
 6292426
 6292427
 6292428
 6292429
 6292430
 6292431
 6292432
 6292433
 6292434
 6292435
 6292436
 6292437
 6292438
 6292439
 6292440
 6292441
 6292442
 6292443
 6292444
 6292446
 6292447
 6292448
 23017457231
 23017457232
 103
 104
 105
 106
 23017457233
 34359738363
 34359738362
 6816025
 6816000
 6816001
 6816002
 6816003
 6816004
 6816005
 6816006
 6816007
 6816008
 6816009
 6816010
 6816011
 6816012
 6816013
 6816014
 6816015
 6816016
 6816017
 6816018
 6816019
 6816020
 6816021
 6816022
 6816023
 6816024
 6816026
 6816027
 6816028
 6816029
 6816030
 6816031
 6816032
 7340131
 7340128
 7340129
 7340130
 7340132
 7340133
 7340134
 7340135
 7340136
 7340137
 7340138
 7340139
 7340140
 7340141
 7340142
 7340143
 7340144
 7340145
 7340146
 7340147
 7340148
 7340149
 7340150
 7340151
 7340152
 7340153
 7340154
 7340155
 7340156
 7340157
 7340158
 7340159
 7340160
 6824581
 7348380
 7348399
 23017457234
 23017457236
 23017457235
 23017457238
 23017457240
 23017457239
 23017457242
 23017457241
 23017457243
 23017457237
 23017457244
 23017457245
 6292549
 6292544
 6292545
 6292546
 6292547
 6292548
 6292550
 6292551
 6292552
 6292553
 6292554
 6292555
 6292556
 6292557
 6292558
 6292559
 6292560
 6292561
 6292562
 6292563
 6292564
 6292565
 6292566
 6292567
 6292568
 6292569
 6292570
 6292571
 6292572
 6292573
 6292574
 6292575
 6292576
 6301343
 6292474
 6292449
 6292450
 6292451
 6292452
 6292453
 6292454
 6292455
 6292456
 6292457
 6292458
 6292459
 6292460
 6292461
 6292462
 6292463
 6292464
 6292465
 6292466
 6292467
 6292468
 6292469
 6292470
 6292471
 6292472
 6292473
 6292475
 6292476
 6292477
 6292478
 6292479
 6292480
 6301482
 6292207
 6292193
 6292194
 6292195
 6292196
 6292197
 6292198
 6292199
 6292200
 6292201
 6292202
 6292203
 6292204
 6292205
 6292206
 6292208
 6292209
 6292210
 6292211
 6292212
 6292213
 6292214
 6292215
 6292216
 6292217
 6292218
 6292219
 6292220
 6292221
 6292222
 6292223
 6292224
 68
 69
 70
 23017457246
 34250009468
 23017457247
 11
 10
 23017457248
 23017457249
 4230536
 23017457250
 23017457265
 23017457281
 3492
 3493
 3494
 3495
 3496
 3497
 3498
 3499
 3500
 3501
 3502
 3503
 3504
 3505
 3506
 3507
 3508
 3509
 3510
 3511
 3512
 3513
 3514
 3515
 3516
 3517
 3518
 3519
 3520
 3521
 3522
 3523
 1
 2
 4230537
 4230548
 23017457251
 23017457252
 23017457253
 4230549
 4230557
 34250011097
 34250007360
 4726803
 22964373786
 22964373802
 22964373818
 22964373787
 22964373788
 22964373789
 22964373790
 22964373791
 22964373792
 22964373793
 22964373794
 22964373795
 22964373796
 22964373797
 22964373798
 22964373799
 22964373800
 22964373801
 22964373806
 22964373814
 4729815
 34284144036
 34284141288
 34359738364
 34284142352
 38
 25
 486
 34284141287
 449
 34284141290
 448
 22964373743
 22964373713
 22964373746
 22964373744
 22964373749
 34359738366
 486
 38
 37
 34146374779
 478
 34359738365
 34146374775
 114
 113
 21
 20
 34146374776
 25
 24
 7
 6
 449
 447
 34146374749
 34146374750
 444
 445
 446
 448
 475
 476
 477
 479
 480
 481
 482
 483
 484
 485
 34146373066
 34146372004
 34146372002
 34146372001
 22958691168
 22958691169
 22958685096
 22958685107
 22958691170
 22958685123
 22958685102
 22958685095
 22958691171
 22958691172
 22958691180
 34359738364
 34112115870
 23043456531
 23043456529
 34359738364
 448
 23043463020
 251
 23043463203
 23043462571
 23043463025
 23043463000
 23043463016
 23043462569
 23043462947
 23043463024
 23043463018
 23043462994
 38
 34112114274
 23043456533
 259
 23043456530
 23043462997
 23043462945
 34359738366
 486
 38
 37
 34175252722
 478
 34175252718
 34359738365
 114
 113
 21
 20
 34175252719
 25
 24
 7
 6
 449
 447
 34175252692
 34175252693
 444
 445
 446
 448
 475
 476
 477
 479
 480
 481
 482
 483
 484
 485
 34175251009
 34175249947
 34175249945
 34175249944
 23088798790
 23088798791
 23088795061
 23088795072
 23088798792
 23088795088
 23088795067
 23088795060
 23088798793
 23088798794
 23088795055
 34175252693
 34175249945
 23088798792
 34359738365
 34175251009
 38
 25
 486
 34175249944
 449
 34175249947
 448
 23088798791
 34359738366
 268
 38
 34359738365
 37
 34197922906
 3524
 266
 3525
 3526
 3527
 3528
 3529
 3530
 3531
 34197922902
 3532
 3533
 3534
 3535
 34359738364
 3536
 3537
 3538
 3539
 3540
 3541
 3542
 3543
 3544
 3545
 3546
 3547
 3548
 3549
 3550
 3551
 3552
 3553
 3554
 3555
 23088798795
 125
 124
 40
 34197922903
 114
 113
 21
 20
 25
 24
 34197922876
 7
 6
 449
 447
 36
 34
 34197922877
 27
 44
 43
 12
 34197922874
 74
 73
 38
 37
 296
 294
 34197922875
 45
 44
 3
 2
 4
 3
 34197922872
 60
 58
 3
 2
 76
 75
 34197922873
 222
 223
 224
 225
 226
 227
 228
 229
 230
 231
 232
 229
 226
 48
 47
 3
 2
 34197922870
 14
 13
 82
 80
 34197922871
 302
 301
 113
 106
 604
 591
 34197922868
 14
 13
 2
 24
 23
 34197922869
 28
 27
 36
 35
 34197922866
 7
 6
 2
 1
 34197922867
 34197922864
 34197922865
 34197922862
 34197922863
 444
 445
 446
 448
 592
 564
 565
 566
 567
 568
 569
 570
 571
 572
 573
 574
 575
 576
 577
 578
 579
 580
 581
 582
 583
 584
 585
 586
 587
 588
 589
 590
 593
 594
 595
 596
 597
 598
 599
 600
 601
 602
 603
 46
 213
 214
 215
 216
 217
 218
 219
 220
 221
 222
 223
 224
 225
 227
 228
 74
 107
 103
 104
 105
 108
 109
 110
 111
 112
 299
 300
 59
 38
 39
 40
 41
 42
 43
 295
 290
 291
 292
 293
 70
 71
 72
 35
 36
 79
 81
 35
 38
 39
 122
 123
 265
 267
 34197920001
 34197918939
 34197918937
 34197918936
 34197902951
 23135773375
 34197906196
 23135773376
 23135770800
 23135770805
 23135773377
 23135770811
 23135770827
 23135770801
 23135773378
 23135773379
 34197912259
 23135773380
 23135773381
 23135773382
 23135773383
 23135773384
 23135773385
 34197906194
 23135773386
 23135773387
 23135773388
 23135773389
 23135773390
 23135773391
 23135773392
 23135773393
 23135773394
 23135773395
 23135773396
 23135773397
 23135773398
 23135773399
 23135773400
 23135773408
 23135773407
 23135773401
 23135773402
 23135773403
 23135773404
 23135773405
 23135773406
 23135773417
 23135773409
 23135773410
 23135773411
 23135773412
 23135773413
 23135773414
 23135773415
 23135773416
 23135773418
 23135773419
 23088798803
 34359738364
 23088798796
 23088798797
 23088798811
 23088795064
 23135773428
 23135773420
 23135773421
 23135773422
 23135773423
 23135773424
 23135773425
 23135773426
 23135773427
 23135773429
 34359738363
 23135773430
 34197873775
 34197873774
 34197873773
 34197918938
 34197848064
 34197848065
 34197848066
 34197873772
 11
 10
 34197848067
 1
 6
 5
 34197873771
 34197848082
 34197914660
 23135773431
 23135773432
 61
 60
 213
 211
 209
 210
 212
 23135773433
 23135773434
 2
 1
 23135773435
 23135773436
 23135773437
 23135773438
 23135773439
 23135773440
 3556
 3557
 3558
 3559
 3560
 3561
 3562
 3563
 3564
 3565
 3566
 3567
 3568
 3569
 3570
 3571
 3572
 3573
 3574
 3575
 3576
 3577
 3578
 125
 3579
 3580
 3581
 3582
 3583
 3584
 3585
 3586
 3587
 124
 123
 34197868344
 34359738362
 34359738360
 34359738361
 34197868343
 23135773441
 23135773442
 23135773443
 23135773444
 23135773445
 23135773446
 23135773447
 23135773448
 23135773449
 23135773450
 23135773451
 23135773452
 23135773453
 23135773454
 23135773455
 23135773456
 23135773457
 23135773458
 23135773459
 23135773460
 23135773461
 23135773462
 23135773463
 23135773465
 23135773464
 23135773467
 23135773466
 23135773468
 23135773469
 23135773470
 23135773471
 23135773472
 23135773473
 23135773474
 23135773475
 23135773476
 23135773477
 23135773478
 23135773479
 23135773480
 23135773481
 23135773482
 23135773483
 23135773484
 23135773485
 23135773486
 23135773487
 23135773488
 23135773489
 23135773490
 23135773491
 23135773493
 23135773492
 23135773495
 23135773494
 34197869588
 23135773496
 23135773497
 23135773498
 23135773514
 23135773499
 23135773500
 23135773501
 23135773502
 23135773503
 23135773504
 23135773505
 23135773506
 23135773507
 23135773508
 23135773509
 23135773510
 23135773511
 23135773512
 23135773513
 23135773515
 23135773547
 23135773516
 23135773517
 23135773518
 23135773519
 23135773520
 23135773521
 23135773522
 23135773523
 23135773524
 23135773525
 23135773526
 23135773527
 23135773528
 23135773529
 23135773530
 23135773531
 23135773532
 23135773533
 23135773534
 23135773535
 23135773536
 23135773537
 23135773538
 23135773539
 23135773540
 23135773541
 23135773542
 23135773543
 23135773544
 23135773545
 23135773546
 23135773548
 23135773549
 23135773550
 23135773551
 23135773552
 23135773560
 23135773553
 23135773554
 23135773555
 23135773556
 23135773557
 23135773558
 23135773559
 23135773561
 23135773563
 23135773562
 23135773567
 23135773564
 23135773565
 23135773566
 23135773568
 23135773599
 23135773569
 23135773570
 23135773571
 23135773572
 23135773573
 23135773574
 23135773575
 23135773576
 23135773577
 23135773578
 23135773579
 23135773580
 23135773581
 23135773582
 23135773583
 23135773584
 23135773585
 23135773586
 23135773587
 23135773588
 23135773589
 23135773590
 23135773591
 23135773592
 23135773593
 23135773594
 23135773595
 23135773596
 23135773597
 23135773598
 23135773600
 23135773601
 23135773602
 23135773603
 23135773604
 23135773605
 23135773613
 23135773606
 23135773607
 23135773608
 23135773609
 23135773610
 23135773611
 23135773612
 23135773614
 23135773616
 23135773615
 23135773618
 23135773617
 34197914661
 40
 39
 23135773619
 23135773620
 23135773621
 23135773622
 23135773623
 23135773624
 23135773625
 23135773626
 23135773627
 23135773628
 23135773629
 23135773630
 23135773631
 23135773632
 23135773633
 23135773634
 23135773635
 23135773636
 23135773637
 23135773638
 23135773639
 23135773643
 23135773648
 34197915800
 34197922799
 34197922800
 34197922801
 34197922802
 34197922803
 34197922804
 34197922805
 34197922806
 34197922807
 34197922808
 34197922809
 34197922810
 34197922811
 34197922812
 34197922813
 34197922814
 34197922815
 34197922816
 34197922817
 34197922818
 34197922819
 34197922820
 34197922821
 34197922822
 34197922823
 34197922824
 34197922825
 34197922826
 34197922827
 34197922828
 34197922829
 34197922830
 34197922831
 34197922832
 34197922833
 34197922834
 34197922835
 34197922836
 34197922837
 34197922838
 34197922839
 34197922840
 34197922841
 34197922842
 34197922843
 34197922844
 34197922845
 34197922846
 34197922847
 34197922848
 34197922849
 34197922850
 34197922851
 34197922852
 34197922853
 34197922854
 34197922855
 34197922856
 34197922857
 34197922858
 34197922859
 34197922860
 34197922861
 23135773649
 23135773650
 23135773651
 23135773652
 23135773653
 23135773654
 23135773655
 23135773656
 23135773657
 23135773658
 23135773659
 23135773660
 23135773661
 23135773662
 23135773663
 23135773664
 23135773665
 23135773666
 23135773667
 23135773668
 23135773669
 23135773670
 23135773671
 23135773672
 23135773673
 23135773674
 23135773675
 23135773676
 23135773677
 23135773678
 23135773679
 23135773680
 23135773681
 23135773682
 23135773683
 23135773684
 23135773685
 23135773686
 23135773687
 23135773688
 23135773689
 23135773690
 23135773691
 23135773692
 23135773693
 23135773694
 23135773695
 23135773696
 23135773697
 23135773698
 23135773699
 23135773700
 23135773701
 23135773702
 23135773703
 23135773704
 23135773705
 23135773706
 23135773707
 23135773708
 23135773709
 23135773710
 23135773711
 23135773712
 23135773713
 23135773714
 23135773715
 23135773716
 23135773717
 23135773718
 23135773719
 23135773720
 23135773721
 23135773722
 23135773723
 23135773724
 23135773725
 23135773726
 23135773727
 23135773728
 23135773729
 23135773730
 23135773731
 23135773732
 23135773733
 23135773734
 23135773735
 23135773736
 23135773737
 23135773738
 23135773739
 23135773740
 23135773741
 23135773742
 23135773743
 23135773744
 23135773745
 23135773746
 23135773747
 23135773748
 23135773749
 23135773750
 23135773751
 23135773752
 23135773753
 23135773754
 23135773755
 23135773756
 23135773757
 23135773758
 23135773759
 23135773760
 23135773761
 23135773762
 23135773763
 23135773764
 23135773765
 23135773766
 23135773767
 23135773768
 23135773769
 23135773770
 23135773771
 23135773772
 23135773773
 23135773774
 23135773775
 23135773776
 23135773777
 23135773778
 23135773779
 23135773780
 23135773781
 23135773782
 23135773783
 23135773784
 23135773785
 23135773786
 23135773787
 23135773788
 23135773789
 23135773790
 23135773791
 23135773792
 23135773793
 23135773794
 23135773795
 23135773796
 23135773797
 23135773798
 23135773799
 23135773800
 23135773801
 23135773802
 23135773803
 23135773804
 23135773805
 23135773806
 23135773807
 23135773808
 23135773809
 23135773810
 23135773811
 23135773812
 23135773813
 23135773814
 23135773815
 23135773816
 23135773817
 23135773818
 23135773819
 23135773820
 23135773821
 23135773822
 23135773823
 23135773824
 23135773825
 23135773826
 23135773827
 23135773828
 23135773829
 23135773830
 23135773831
 23135773832
 23135773833
 23135773834
 23135773835
 23135773836
 23135773837
 23135773838
 23135773839
 23135773840
 23135773841
 23135773842
 23135773843
 23135773844
 23135773845
 23135773846
 23135773847
 23135773848
 23135773849
 23135773850
 23135773851
 23135773852
 23135773853
 23135773854
 23135773855
 23135773856
 23135773857
 23135773858
 23135773859
 23135773860
 23135773861
 23135773862
 23135773863
 23135773864
 23135773865
 23135773866
 23135773867
 23135773868
 23135773869
 23135773870
 23135773871
 23135773872
 23135773873
 23135773878
 23135773640
 23135773641
 23135773642
 23135773644
 23135773645
 23135773646
 23135773647
 3588
 3589
 3590
 3591
 3592
 3593
 3594
 3595
 3596
 3597
 3598
 3599
 3600
 3601
 3602
 3603
 3604
 3605
 3606
 3607
 3608
 3609
 3610
 3611
 3612
 3613
 3614
 3615
 3616
 3617
 3618
 3619
 23135773882
 23135773879
 23135773874
 23135773890
 23135773883
 23135773884
 23135773885
 23135773886
 23135773887
 23135773888
 23135773889
 4230558
 4230575
 23135770806
 23135773891
 23135773896
 23135773959
 23135773928
 23135773929
 23135773897
 23135773898
 23135773899
 23135773900
 23135773901
 23135773902
 23135773903
 23135773904
 23135773905
 23135773906
 23135773907
 23135773908
 23135773909
 23135773910
 23135773911
 23135773912
 23135773913
 23135773914
 23135773915
 23135773916
 23135773917
 23135773918
 23135773919
 23135773920
 23135773921
 23135773922
 23135773923
 23135773924
 23135773925
 23135773926
 23135773927
 23135773930
 23135773931
 23135773932
 23135773933
 23135773934
 23135773935
 23135773936
 23135773937
 23135773938
 23135773939
 23135773940
 23135773941
 23135773942
 23135773943
 23135773944
 23135773945
 23135773946
 23135773947
 23135773948
 23135773949
 23135773950
 23135773951
 23135773952
 23135773953
 23135773954
 23135773955
 23135773956
 23135773957
 23135773958
 23135773960
 23135773961
 23135773962
 23135773963
 23135773964
 23135773965
 23135773966
 23135773967
 23135773968
 23135773969
 23135773970
 23135773971
 23135773972
 23135773973
 23135773974
 23135773975
 23135773976
 23135773977
 23135773978
 23135773979
 23135773980
 23135773981
 23135773982
 23135773983
 23135773984
 23135773985
 23135773986
 23135773987
 23135773988
 23135773989
 23135773990
 23135773991
 23135773992
 3620
 3621
 3622
 3623
 3624
 3625
 3626
 3627
 3628
 3629
 3630
 3631
 3632
 3633
 3634
 3635
 3636
 3637
 3638
 3639
 3640
 3641
 3642
 3643
 3644
 3645
 3646
 3647
 3648
 3649
 3650
 3651
 23135773892
 23135773893
 23135773894
 23135773895
 4230576
 4230579
 23088798798
 34359738363
 34359738361
 23088795057
 23088798819
 23088795062
 23088798829
 34175252564
 23088798837
 23088798804
 34197922863
 34359738364
 448
 34197848064
 34197918936
 34197918937
 34197920001
 38
 449
 34197873775
 25
 61
 267
 34197918939
 23135773677
 23135773991
 23135773992
 23135773678
 23135773666
 23135773659
 34359738366
 486
 38
 34359738365
 37
 34172022580
 478
 34172022576
 34359738364
 114
 113
 34197922606
 21
 20
 34172022577
 25
 24
 7
 6
 449
 447
 34172022550
 34172022551
 444
 445
 446
 448
 475
 476
 477
 479
 480
 481
 482
 483
 484
 485
 34172020867
 34172019805
 34172019803
 34172019802
 23142518398
 23142518399
 23142513104
 23142513115
 23142518400
 23142513131
 23142513110
 23142513103
 23142518401
 23142518402
 23142513099
 23142518410
 34359738363
 23142518403
 23142513107
 23142518404
 23142518412
 34359738362
 34359738360
 23142513100
 23142518418
 23142513105
 23142518428
 34172022422
 23142518430
 23142518429
 23142518438
 34171991294
 34171991293
 34171991293
 34172022551
 34171991294
 34172020867
 34359738364
 38
 34172019802
 449
 448
 25
 448
 34172019803
 34171991277
 34172019803
 486
 34172019805
 23142518401
 23142518428
 34359738366
 486
 38
 34359738365
 37
 34203463346
 478
 34359738364
 34203463342
 23142518444
 114
 113
 21
 20
 34203463343
 25
 24
 7
 6
 449
 447
 34203463316
 34203463317
 444
 445
 446
 448
 475
 476
 477
 479
 480
 481
 482
 483
 484
 485
 34203461633
 34203460571
 34203460569
 34203460568
 23150333072
 23150333073
 23150325786
 23150325797
 23150333074
 23150325813
 23150325792
 23150325785
 23150333075
 23150333076
 34359738361
 34359738362
 34359738363
 23150325780
 34359738359
 23150325789
 23150333084
 23150333077
 23150325790
 34359738360
 23150333078
 23150333079
 23150333080
 23150333088
 34359738358
 34359738356
 23150325782
 23150333094
 23150325787
 23150333104
 34203463188
 23150333106
 23150333105
 23150333114
 23150333112
 23150333113
 34203463139
 23150333115
 23150333123
 34203432060
 34203432059
 34203402240
 34203432057
 34203402242
 34203402244
 34203402241
 34203402243
 23150333121
 23150333117
 23150333116
 23150333133
 23150333149
 23150333165
 23150333181
 23150333150
 23150333151
 23150333152
 23150333153
 23150333154
 23150333155
 23150333156
 23150333157
 23150333158
 23150333159
 23150333160
 23150333161
 23150333162
 23150333163
 23150333164
 23150333169
 23150333177
 23150333149
 23150333165
 23150333181
 23150333150
 23150333151
 23150333152
 23150333153
 23150333154
 23150333155
 23150333156
 23150333157
 23150333158
 23150333159
 23150333160
 23150333161
 23150333162
 23150333163
 23150333164
 23150333169
 23150333177
 23150333149
 23150333165
 23150333181
 23150333150
 23150333151
 23150333152
 23150333153
 23150333154
 23150333155
 23150333156
 23150333157
 23150333158
 23150333159
 23150333160
 23150333161
 23150333162
 23150333163
 23150333164
 23150333169
 23150333177
 23150333149
 23150333165
 23150333181
 23150333150
 23150333151
 23150333152
 23150333153
 23150333154
 23150333155
 23150333156
 23150333157
 23150333158
 23150333159
 23150333160
 23150333161
 23150333162
 23150333163
 23150333164
 23150333169
 23150333177
 3652
 3653
 3654
 3655
 3656
 3657
 3658
 3659
 3660
 3661
 3662
 3663
 3664
 3665
 3666
 3667
 3668
 3669
 3670
 3671
 3672
 3673
 3674
 3675
 3676
 3677
 3678
 3679
 3680
 3681
 3682
 3683
 34171961344
 34359738362
 23135773875
 23135773876
 23135773877
 34197868346
 34197921716
 34197916326
 34197917424
 34197904548
 34197902952
 34197871196
 4230580
 4230593
 4230594
 4230598
 4230599
 4230602
 4230603
 4230606
 4230607
 4230610
 4230611
 4230614
 4230615
 4230619
 4230620
 4230623
 4230624
 4230627
 4230628
 4230631
 4230632
 4230635
 4230636
 4230639
 4230640
 4230644
 4230645
 4230648
 4230649
 4230652
 4230653
 4230656
 4230657
 4230660
 4230661
 4230664
 4230665
 4230669
 34112115870
 23043456531
 23043456529
 34359738364
 448
 23043463024
 251
 23043462571
 23043463203
 23043463020
 23043463025
 23043463016
 23043462569
 23043463018
 23043462994
 23043456533
 259
 38
 23043456530
 34112114274
 23043463021
 23043462945
 5776251
 1
 2
 3
 34359738366
 15
 16
 17
 18
 19
 20
 21
 22
 23
 24
 25
 26
 27
 28
 29
 30
 31
 32
 31
 38
 34359738365
 37
 34134899374
 34359738364
 30
 34134899370
 4
 5
 6
 7
 8
 9
 10
 11
 12
 13
 14
 36
 35
 1
 2
 3
 4
 4
 3
 34134899371
 449
 447
 114
 113
 3
 2
 34134899344
 34359738363
 25
 24
 34134899341
 34134899342
 444
 445
 446
 448
 29
 34134895645
 34134897754
 34134897752
 34134897751
 34134898821
 22976793429
 22976793430
 22976793434
 22976793442
 153
 34359738362
 22976793435
 22976793436
 34134898822
 156
 158
 165
 166
 167
 170
 171
 172
 173
 174
 175
 176
 177
 4230670
 108
 110
 111
 112
 113
 114
 116
 117
 118
 119
 120
 121
 123
 125
 127
 128
 130
 133
 134
 135
 136
 4230674
 137
 138
 139
 140
 141
 142
 143
 144
 145
 146
 147
 148
 149
 150
 151
 152
 153
 154
 155
 97
 101
 29
 30
 31
 32
 33
 34
 35
 36
 37
 38
 39
 40
 41
 45
 46
 51
 202
 203
 204
 205
 206
 207
 208
 209
 210
 211
 212
 213
 214
 218
 221
 222
 223
 224
 225
 226
 227
 228
 229
 230
 231
 232
 233
 210
 211
 212
 213
 214
 215
 216
 217
 218
 219
 220
 221
 222
 379
 380
 381
 382
 383
 384
 385
 386
 387
 388
 389
 390
 391
 392
 393
 394
 395
 396
 397
 398
 399
 400
 401
 402
 403
 404
 405
 406
 407
 408
 409
 410
 34112115870
 23043456531
 34359738362
 448
 23043462965
 23043456529
 251
 38
 34112114274
 34359738361
 23043456530
 23043456533
 259
 23043463021
 23043462574
 23043463203
 23043462945
 23043463002
 23043463017
 23043462871
 23043463026
 23043463204
 23043462771
 23043462578
 23043463006
 23043462939
 23043463024
 23043462851
 23043463003
 23043463013
 23043463181
 23043462964
 23043463008
 23043463020
 23043456532
 23043463205
 23043463019
 23043463202
 23043462586
 23043462587
 23043462996
 23043463197
 23043462575
 23043463155
 23043463015
 23043463014
 23043463009
 23043463022
 23043463001
 23043462844
 23043463154
 23043463191
 23043462991
 23043463023
 23043463025
 23043463190
 23043463016
 23043462569
 23043462577
 23043462777
 23043463201
 253
 23043462961
 23043463199
 23043463007
 23043463198
 23043462995
 23043462998
 23043463005
 23043463018
 23043462947
 23043463000
 23043463200
 23043462997
 23043463004
 23043462737
 23043462999
 23043463012
 23043463010
 23043462580
 23043463196
 23043462846
 23043462992
 23043462975
 23043462576
 23043462994
 23043462760
 23043462606
 23043462589
 23043462993
 23043463027
 23043463011
 23043462579
 23043462585
 23043462770
 23043462876
 23043462773
 23043462892
 23043462837
 23043462602
 449
 23043463213
 34112114273
 23043462842
 23043462571
 34112115900
 34112115896
 34112115897
 43
 3
 11
 3684
 3685
 3686
 3687
 3688
 3689
 3690
 3691
 3692
 3693
 3694
 3695
 3696
 3697
 3698
 3699
 3700
 3701
 3702
 3703
 3704
 3705
 3706
 3707
 3708
 3709
 3710
 3711
 3712
 3713
 3714
 3715
 34112115870
 23043456531
 23043456529
 34359738364
 448
 23043462965
 251
 23043463203
 23043462571
 23043463002
 23043463015
 23043463020
 23043463022
 23043462569
 23043462964
 23043463013
 23043456533
 259
 23043456530
 23043462577
 23043462945
 38
 34112114274
 23043463026
 34359738366
 31
 38
 34359738364
 37
 34203939176
 30
 34203939172
 34359738363
 36
 35
 4
 3
 34203939173
 449
 447
 114
 113
 3
 2
 34203939146
 25
 24
 34203939143
 34203939144
 444
 445
 446
 448
 29
 34203935447
 34203937556
 34203937554
 34203937553
 34203938623
 23003427808
 23003427809
 23003427813
 23003427821
 34203938624
 4230675
 4230679
 4230680
 4230684
 34112115870
 23043456531
 23043456529
 34359738364
 448
 23043463013
 251
 23043463002
 23043462571
 23043463203
 23043463020
 23043463000
 23043462579
 23043462569
 23043463022
 23043462965
 23043456533
 259
 23043456530
 23043463023
 23043462945
 38
 34112114274
 23043463016
 34359738366
 31
 38
 34359738365
 37
 34248645756
 30
 34248645752
 34359738364
 36
 35
 4
 3
 34248645753
 449
 447
 114
 113
 3
 2
 34248645726
 25
 24
 34248645723
 34248645724
 444
 445
 446
 448
 29
 34248642027
 34248644136
 34248644134
 34248644133
 34248645203
 22998892721
 22998892722
 22998892726
 22998892734
 34248645204
 4230685
 4230688
 4230689
 4230692
 34112115870
 23043456531
 23043456529
 34359738364
 448
 23043462837
 251
 23043463017
 23043462571
 23043463019
 23043463002
 38
 23043463006
 34112114274
 23043463023
 23043462569
 23043462998
 23043463014
 23043463203
 23043463154
 23043463024
 23043463022
 23043463155
 23043463021
 23043462994
 23043462587
 23043456533
 259
 23043456530
 23043462945
 23043463026
 34112114273
 23043463020
 449
 1
 2
 3
 34359738366
 4
 5
 6
 7
 8
 9
 10
 11
 11
 38
 37
 34251707745
 10
 34359738365
 34251707741
 449
 447
 34251707715
 34251707716
 444
 445
 446
 448
 34251707193
 34251707190
 23088251274
 23088251275
 185
 192
 1
 2
 3
 4
 5
 6
 34359738363
 23088251276
 23088251277
 34359738362
 4230693
 4230702
 4230703
 4230706
 4230707
 4230711
 4230712
 4230715
 34112115870
 23043456531
 34359738362
 448
 23043462991
 23043456529
 251
 34359738363
 38
 34112114274
 23043456530
 23043456533
 259
 23043463025
 23043462574
 23043463204
 23043462945
 23043463020
 23043463026
 23043463002
 23043463016
 23043463201
 23043462939
 23043462975
 23043462884
 23043462993
 23043463001
 23043462846
 23043463154
 23043463004
 449
 23043462589
 23043463017
 23043462577
 23043462737
 23043456532
 34359738361
 23043463202
 23043463018
 23043463015
 23043462999
 23043463155
 23043463023
 23043462575
 23043463008
 23043463019
 23043463203
 23043462947
 23043463007
 23043463013
 23043463196
 23043462965
 23043463012
 23043462844
 23043463198
 23043463022
 23043462569
 23043462996
 23043462997
 23043463014
 23043462832
 23043462580
 23043462578
 23043462998
 23043463024
 23043463021
 23043463190
 23043462576
 23043462587
 34112115870
 23043456531
 34359738362
 448
 23043463002
 23043456529
 251
 38
 34112114274
 23043456530
 23043456533
 259
 23043463025
 23043462574
 23043462945
 23043463204
 23043463019
 23043463155
 23043463013
 23043462832
 23043463016
 23043463017
 23043462587
 23043463154
 23043463014
 23043462589
 23043462577
 23043463198
 23043463020
 23043463026
 23043462580
 23043462997
 23043463008
 23043456532
 34359738361
 23043463202
 23043463021
 23043463018
 23043462578
 23043463015
 23043463024
 23043463190
 23043462998
 23043463203
 23043462575
 23043463023
 23043462996
 23043462576
 23043463201
 23043463022
 23043463000
 23043462993
 23043462994
 23043463200
 23043462844
 34112115870
 23043456531
 34359738362
 448
 23043463154
 23043456529
 251
 23043462571
 23043463000
 23043462994
 259
 23043456533
 23043462993
 23043463015
 23043463018
 23043463200
 38
 34112114274
 23043462575
 23043462587
 23043462844
 23043463019
 34359738361
 23043463016
 23043462589
 23043463202
 23043462996
 23043463020
 23043463198
 23043463023
 23043456530
 23043463155
 23043463201
 34112115870
 23043462569
 23043456531
 34112114273
 34359738362
 23043463025
 448
 23043462999
 23043456529
 23043463154
 251
 23043462571
 23043463026
 23043463000
 259
 23043462999
 23043456533
 23043462570
 23043462994
 23043463015
 23043462964
 23043462587
 23043462927
 23043462993
 23043463018
 23043462764
 23043463200
 23043462578
 23043462575
 23043462580
 23043462579
 23043462844
 23043463019
 23043462947
 38
 23043462585
 34112114274
 23043462950
 23043462606
 23043462586
 23043462771
 23043462975
 34359738361
 23043462589
 23043463202
 23043462996
 23043463020
 34112115870
 23043463023
 23043463201
 23043456531
 34359738362
 23043463026
 448
 23043456530
 23043463018
 23043456529
 23043463154
 23043463198
 251
 23043462569
 23043462571
 23043463155
 23043462994
 23043463000
 23043463016
 259
 23043463025
 23043456530
 23043463017
 23043462999
 23043463008
 23043463026
 23043462945
 23043463204
 23043462999
 23043462851
 38
 23043462945
 34112114274
 23043462579
 23043462578
 23043462975
 23043462947
 23043463002
 34359738361
 23043463006
 23043463005
 23043462964
 23043462577
 23043462580
 23043462996
 23043463010
 23043456533
 23043462852
 23043463013
 23043463009
 23043462589
 23043463021
 23043463199
 23043463203
 23043463202
 23043463181
 23043463020
 23043462862
 23043463197
 23043463014
 23043463155
 23043463201
 23043463004
 23043463198
 23043463001
 23043463023
 23043463015
 23043462570
 23043462569
 23043462570
 23043463025
 5776286
 5776445
 3716
 3717
 3718
 3719
 3720
 3721
 3722
 3723
 3724
 3725
 3726
 3727
 3728
 3729
 3730
 3731
 3732
 3733
 3734
 3735
 3736
 3737
 3738
 3739
 3740
 3741
 3742
 3743
 3744
 3745
 3746
 3747
 23043462997
 23043463203
 23043463001
 23043463006
 23043463002
 23043463003
 23043463004
 23043463013
 23043463017
 23043463191
 23043462965
 23043463005
 23043463190
 23043462945
 23043463024
 23043463022
 23043462992
 23043463012
 23043463197
 23043463007
 23043462998
 23043463011
 23043462576
 23043463204
 23043463196
 23043462995
 23043463010
 23043462861
 23043463008
 23043462605
 23043463199
 23043462571
 23043463009
 23043463021
 23043463181
 23043463027
 23043462991
 23043463205
 23043462760
 23043463014
 23043462939
 449
 23043462851
 23043462862
 23043462770
 23043462602
 23043462829
 23043462946
 23043462963
 5776135
 23043462993
 23043462963
 23043462975
 23043463019
 1
 2
 3
 23043462963
 34112115870
 23043456531
 23043456529
 34359738361
 448
 23043463008
 251
 34359738362
 23043463021
 23043462571
 23043463026
 23043463000
 23043463015
 23043463203
 23043462589
 23043462569
 23043463202
 23043462964
 23043463016
 23043463017
 23043463198
 23043456533
 259
 23043463019
 23043456530
 38
 34112114274
 1
 2
 3
 34359738366
 12
 13
 14
 15
 16
 17
 18
 19
 20
 21
 22
 23
 24
 25
 26
 27
 28
 29
 28
 38
 37
 34240025768
 34359738365
 27
 34240025764
 4
 5
 6
 7
 8
 9
 10
 11
 604
 591
 25
 24
 34240025765
 449
 447
 3
 2
 21
 20
 34240025738
 34240025739
 444
 445
 446
 448
 592
 564
 565
 566
 567
 568
 569
 570
 571
 572
 573
 574
 575
 576
 577
 578
 579
 580
 581
 582
 583
 584
 585
 586
 587
 588
 589
 590
 593
 594
 595
 596
 597
 598
 599
 600
 601
 602
 603
 34240024095
 34240023553
 34240023551
 34240023550
 34240025216
 22988099715
 22988099716
 98
 99
 100
 101
 102
 103
 104
 105
 106
 3748
 3749
 3750
 3751
 3752
 3753
 3754
 3755
 3756
 3757
 3758
 3759
 3760
 3761
 3762
 3763
 3764
 3765
 3766
 3767
 3768
 3769
 3770
 3771
 3772
 3773
 3774
 3775
 3776
 3777
 3778
 3779
 34239990888
 22988099717
 34359738366
 4
 5
 6
 7
 8
 9
 10
 11
 12
 13
 14
 15
 16
 17
 18
 19
 18
 38
 34359738365
 37
 34129845427
 17
 34129845423
 34359738364
 8
 7
 36
 35
 34129845424
 449
 447
 3
 114
 113
 34129845397
 3
 2
 25
 24
 34129845398
 34129845394
 34129845395
 444
 445
 446
 448
 34129841177
 34129843803
 34129843801
 34129843800
 34129844353
 22971382187
 22971378719
 22971382188
 22971382189
 22971382190
 22971382191
 22971382192
 34359738366
 11
 38
 34359738365
 37
 34312656602
 10
 34359738364
 34312656598
 449
 447
 34312656572
 34312656573
 444
 445
 446
 448
 34312656050
 34312656047
 22974050651
 22974050652
 34359738362
 34359738361
 22971382193
 22971382194
 22971382195
 22971382196
 22971382197
 22971382198
 34129844354
 34129842837
 23043462737
 34112114273
 449
 34112115900
 34112115896
 34112115897
 43
 3
 11
 34239993992
 34239993991
 22988099718
 449
 23043463004
 23043462737
 23043462569
 23043462965
 34112115900
 34112115896
 34112115897
 43
 3
 11
 34112114273
 23043463205
 23043462995
 253
 23043463027
 23043463000
 34112114273
 23043462571
 23043462994
 34112115900
 34112115896
 34112115897
 43
 3
 11
 34112115870
 23043456531
 34359738362
 448
 23043462991
 23043456529
 251
 34359738363
 38
 34112114274
 23043456530
 23043456533
 259
 23043463017
 23043462574
 23043463199
 23043462945
 23043463025
 23043463015
 23043463024
 23043463022
 23043463004
 23043462939
 23043463204
 23043463021
 23043462575
 23043462997
 23043462872
 23043463008
 23043462854
 23043463198
 23043463026
 23043463019
 23043463202
 23043463018
 23043463023
 23043462992
 23043456532
 34359738361
 23043463020
 23043462996
 23043463007
 23043463201
 23043463016
 23043463203
 23043462862
 23043463009
 23043463002
 23043462844
 23043463154
 23043463013
 23043463190
 23043463000
 23043462569
 23043463200
 23043462577
 23043462580
 23043462833
 23043463011
 23043462846
 23043462995
 449
 23043463155
 23043462964
 23043463197
 23043462579
 23043463012
 23043463196
 23043462576
 23043462871
 23043462825
 23043463003
 34112115870
 23043456531
 34359738362
 448
 23043462996
 23043456529
 251
 38
 34112114274
 23043456530
 23043456533
 259
 23043463017
 23043462574
 23043462945
 23043463199
 23043463019
 23043463027
 23043463015
 23043462825
 23043463022
 23043463021
 23043462871
 23043463201
 23043463018
 23043463023
 23043462575
 23043462580
 23043463155
 23043463024
 23043462833
 23043463011
 23043463026
 23043463196
 23043456532
 34359738361
 23043463020
 23043463016
 23043463013
 23043463154
 23043462846
 23043463197
 23043463204
 23043463007
 23043463009
 23043462992
 23043463012
 23043463025
 23043463198
 23043462579
 23043462964
 23043462577
 23043463190
 23043463003
 23043463004
 23043462576
 23043462589
 23043462829
 23043462844
 23043462999
 34112115870
 23043456531
 34359738362
 448
 38
 23043462994
 23043456529
 34112114274
 251
 23043462571
 23043462997
 34359738361
 23043463190
 259
 23043456533
 23043463154
 23043463024
 23043463197
 23043462829
 23043462577
 23043462589
 23043463004
 23043462580
 23043462964
 23043462844
 23043462997
 23043462999
 23043463026
 23043463022
 23043463003
 23043463202
 23043463016
 23043463017
 23043463204
 23043456530
 23043463027
 23043463201
 23043463025
 23043463007
 23043462569
 23043463014
 34112114273
 23043463203
 23043463020
 34112115870
 23043456531
 23043462994
 34359738362
 23043462576
 448
 23043463013
 23043462997
 23043456529
 23043462994
 23043462570
 251
 23043462927
 23043462571
 23043462764
 23043462999
 23043462587
 259
 23043462578
 23043456533
 23043462579
 23043462947
 23043463004
 23043463024
 23043462585
 23043462950
 23043462964
 23043462606
 23043463154
 23043462586
 23043462829
 23043462577
 23043462771
 23043462589
 23043462975
 23043462844
 23043463019
 23043463022
 23043463010
 23043462993
 23043463011
 23043463012
 23043463006
 23043463198
 23043463155
 23043462998
 23043462992
 23043462965
 23043463018
 23043462996
 23043463000
 23043463191
 23043462945
 23043463015
 23043463005
 23043463023
 23043463002
 23043463200
 23043463001
 23043462575
 34112115870
 23043456531
 23043463196
 34359738362
 23043463021
 23043463202
 448
 23043462737
 23043462577
 23043463199
 23043456529
 23043462994
 23043463009
 449
 251
 23043463205
 23043463181
 23043462571
 23043463190
 23043462946
 23043462999
 23043462760
 259
 23043462961
 23043463008
 23043456530
 23043462991
 23043462997
 23043462846
 23043463013
 23043462945
 23043462995
 23043462861
 23043462939
 23043462770
 23043462602
 23043462851
 38
 23043462862
 34112114274
 23043462832
 34359738361
 23043462963
 23043463012
 23043462580
 23043462571
 23043463206
 23043463026
 23043463190
 23043463016
 23043463197
 23043463003
 23043463204
 23043463007
 23043463013
 23043463014
 23043456530
 23043463017
 23043463203
 23043463020
 23043462569
 23043463027
 23043463201
 23043463025
 23043463023
 23043463199
 23043462578
 23043463001
 38
 34112114274
 34359738361
 23043462945
 23043462575
 23043462579
 23043462975
 23043462947
 23043463002
 23043463003
 23043463006
 23043456533
 23043463005
 23043462996
 23043462993
 23043463010
 23043462580
 23043462852
 23043463009
 23043463154
 23043463202
 23043463026
 23043463021
 23043463016
 23043463015
 23043463181
 23043463198
 23043463027
 23043462862
 23043463201
 23043463019
 23043463017
 23043463197
 34359738366
 23043463204
 23043462570
 23043463025
 23043463007
 23043463014
 23043462569
 23043462829
 23043462570
 23043462963
 23043463018
 23043462963
 23043462975
 23043462576
 23043463019
 11
 38
 34112115870
 34359738365
 34359738366
 23043456531
 23043456529
 34359738361
 37
 448
 23043462996
 34214707290
 251
 34359738362
 23043463021
 23043462571
 23043463201
 10
 23043462997
 23043463026
 34359738364
 23043463203
 23043462580
 34214707286
 23043462569
 23043463154
 23043462964
 23043463015
 23043463023
 23043463024
 23043456533
 259
 23043463022
 23043456530
 449
 447
 38
 34112114274
 34214707260
 34214707261
 28
 444
 445
 446
 38
 34359738365
 448
 37
 34193019119
 27
 34359738364
 34193019115
 34214706738
 34214706735
 604
 591
 25
 24
 34193019116
 22929687500
 449
 22929687501
 447
 3
 2
 21
 20
 34193019089
 34193019090
 34359738366
 444
 445
 446
 448
 592
 564
 565
 566
 567
 568
 18
 569
 570
 38
 571
 34359738365
 572
 573
 37
 574
 575
 34251145735
 576
 577
 578
 579
 580
 581
 17
 582
 583
 584
 34251145731
 585
 586
 34359738364
 587
 588
 589
 590
 593
 594
 595
 596
 597
 598
 599
 8
 600
 601
 7
 602
 603
 36
 35
 34251145732
 449
 447
 34193017446
 34193016904
 3
 34193016902
 34193016901
 34193018567
 114
 113
 34251145705
 3
 22992059417
 2
 25
 24
 34251145706
 34251145702
 34251145703
 22992059418
 444
 445
 446
 448
 34192984239
 22992059419
 34251141485
 34251144111
 34251144109
 34251144108
 34251144661
 23131686152
 23131685069
 23131686153
 23131686154
 23131686155
 23131686156
 23131686157
 34359738362
 34359738361
 34359738360
 23131686158
 23131686159
 23131686160
 34359738363
 23131686161
 23131686162
 23131686163
 34251144662
 34251143145
 23043462992
 34112114273
 449
 34112115900
 34112115896
 34112115897
 43
 3
 11
 34192987343
 34192987342
 22992059420
 449
 23043462991
 23043462569
 23043462995
 34112115900
 34112115896
 34112115897
 43
 3
 11
 34112114273
 253
 23043463014
 23043463027
 23043462760
 23043462998
 23043462999
 34112114273
 23043462571
 23043463191
 34112115900
 34112115896
 34112115897
 43
 3
 11
 3780
 3781
 3782
 3783
 3784
 3785
 3786
 3787
 3788
 3789
 3790
 3791
 3792
 3793
 3794
 3795
 3796
 3797
 3798
 3799
 3800
 3801
 3802
 3803
 3804
 3805
 3806
 3807
 3808
 3809
 3810
 3811
 3812
 3813
 3814
 3815
 3816
 3817
 3818
 3819
 3820
 3821
 3822
 3823
 3824
 3825
 3826
 3827
 3828
 3829
 3830
 3831
 3832
 3833
 3834
 3835
 3836
 3837
 3838
 3839
 3840
 3841
 3842
 3843
 34112115870
 23043456531
 34359738362
 448
 23043462991
 23043456529
 251
 34359738363
 38
 34112114274
 23043456530
 23043456533
 259
 23043463015
 23043462574
 23043463204
 23043462945
 23043463025
 23043463023
 23043463203
 23043463022
 23043462993
 23043463201
 23043463021
 23043462587
 23043462580
 23043463026
 23043462770
 23043462876
 23043463017
 23043463000
 23043463016
 449
 23043463008
 23043462576
 23043463200
 23043462589
 23043463004
 23043456532
 34359738361
 23043463020
 23043463024
 23043463191
 23043463018
 23043462575
 23043463013
 23043462586
 23043462760
 23043462577
 23043462964
 23043462844
 23043463154
 23043463019
 23043463202
 23043463009
 23043463005
 23043462947
 23043463027
 23043462569
 23043463007
 23043462998
 23043463198
 23043462773
 23043462992
 23043462939
 23043463014
 23043462996
 23043463181
 23043462965
 4230716
 23043463006
 23043462994
 23043462999
 23043462771
 23043462832
 34112115870
 23043456531
 34359738362
 448
 23043462832
 23043456529
 251
 38
 34112114274
 23043456530
 23043456533
 259
 23043463015
 23043462574
 23043462945
 23043463204
 23043463025
 23043463018
 23043463024
 23043463203
 23043462587
 23043463021
 23043463016
 23043462771
 23043463005
 23043462577
 4230719
 23043462575
 23043463198
 23043462773
 23043463014
 23043462992
 23043462939
 23043463013
 23043462996
 23043456532
 34359738361
 23043463020
 23043463027
 23043463026
 23043462994
 23043462991
 23043463181
 23043463004
 23043462965
 23043462589
 23043462999
 23043463000
 23043463154
 23043463023
 23043462844
 34112115870
 23043456531
 34359738362
 448
 23043463198
 23043456529
 251
 38
 23043462571
 23043463025
 34112114274
 23043463154
 259
 23043456533
 23043463024
 23043463000
 23043463004
 23043463018
 34359738361
 23043463023
 23043463015
 23043463200
 23043462844
 23043463020
 23043462589
 23043462996
 23043463021
 23043462947
 23043463203
 23043456530
 23043463017
 23043462569
 34112114273
 23043462993
 23043463202
 34112115870
 23043456531
 23043463200
 34359738362
 448
 23043463008
 23043463008
 23043456529
 23043462570
 23043463198
 23043462964
 251
 23043462927
 23043462571
 38
 23043463025
 34112114274
 259
 23043462764
 23043456533
 23043462587
 23043462578
 23043463018
 23043462580
 23043463000
 23043462579
 23043463200
 34359738361
 23043462585
 23043463024
 23043462950
 23043463004
 23043462606
 23043463023
 23043462586
 23043463015
 23043462771
 23043462844
 23043462994
 23043462975
 23043463013
 23043463019
 23043462997
 23043462589
 23043462965
 23043463022
 23043462999
 23043462996
 23043463001
 23043463154
 23043463021
 23043463191
 23043463006
 23043462947
 23043463002
 23043463203
 23043462998
 23043456530
 23043463155
 23043463003
 23043463204
 23043463005
 23043463013
 23043462945
 23043463202
 23043463190
 23043463201
 23043462569
 23043463017
 23043463016
 34112115870
 23043462992
 23043456531
 23043463197
 34359738362
 23043463007
 23043463022
 448
 23043462993
 23043463012
 23043463018
 23043463014
 23043462576
 23043456529
 23043463011
 23043463016
 23043463198
 23043463026
 23043463026
 251
 23043463191
 23043463196
 23043463009
 23043462571
 23043463154
 23043462995
 23043463204
 23043463199
 259
 23043463008
 23043462862
 23043456530
 23043463014
 23043463008
 23043463010
 23043463001
 23043462945
 23043463027
 23043463181
 23043462991
 23043462577
 23043462994
 23043462575
 23043462945
 23043462605
 23043462575
 23043462571
 23043462579
 23043462961
 23043462578
 23043462846
 23043462975
 23043463002
 23043462851
 23043463006
 23043462939
 23043462770
 23043462602
 23043463005
 23043462829
 23043462964
 23043462833
 23043462577
 23043462580
 23043462832
 23043463010
 23043462760
 23043462852
 38
 23043463009
 23043462737
 34112114274
 23043463199
 23043463181
 449
 23043462862
 23043463197
 23043463020
 23043463205
 34359738361
 23043462963
 23043463019
 23043463012
 23043462851
 23043462589
 23043462997
 23043456533
 23043463201
 23043462570
 23043463206
 23043463015
 23043462996
 23043463000
 23043463021
 23043463017
 23043462947
 23043463203
 23043463023
 23043462963
 23043462569
 23043463004
 23043462570
 23043462993
 23043463024
 23043462963
 34112115870
 23043462975
 23043456531
 23043463025
 23043456529
 34359738361
 448
 23043463019
 23043463155
 251
 34359738362
 23043463021
 23043462571
 23043463004
 23043463025
 23043463201
 23043463203
 23043462589
 23043462569
 23043463015
 23043462964
 23043463197
 34359738366
 23043463026
 23043462997
 23043463198
 23043456533
 259
 34359738366
 23043456530
 38
 34112114274
 28
 38
 34359738365
 23043463155
 37
 34359738364
 34320375895
 27
 11
 34320375891
 38
 34359738365
 37
 34095789506
 10
 604
 34095789502
 591
 34359738364
 25
 24
 449
 34320375892
 447
 34359738363
 34095789476
 34095789477
 449
 444
 445
 447
 446
 448
 3
 2
 21
 20
 34320375865
 34095788954
 34095788951
 34320375866
 444
 445
 446
 448
 23038101108
 23038101109
 592
 564
 565
 566
 567
 568
 569
 570
 571
 572
 573
 574
 575
 576
 577
 578
 579
 580
 581
 582
 583
 584
 585
 586
 587
 588
 589
 590
 593
 594
 595
 596
 597
 598
 599
 600
 601
 602
 603
 34320374222
 34320373680
 34320373678
 34320373677
 34320375343
 23118661433
 23118661434
 34320341015
 23118661435
 34359738366
 18
 38
 34359738364
 37
 34092760088
 17
 34092760084
 34359738363
 8
 7
 36
 35
 34092760085
 449
 447
 3
 114
 113
 34092760058
 3
 2
 25
 24
 34092760059
 34092760055
 34092760056
 444
 445
 446
 448
 34092755838
 34092758464
 34092758462
 34092758461
 34092759014
 23035334717
 23035326768
 23035334718
 23035334719
 23035334720
 23035334721
 23035334722
 34359738361
 34359738360
 23035334723
 23035334724
 23035334725
 23035334726
 23035334727
 23035334728
 34092759015
 34092757498
 34112114273
 449
 34112115900
 34112115896
 34112115897
 43
 3
 11
 34320344119
 34320344118
 23118661436
 449
 23043463017
 23043463022
 23043462993
 23043462998
 23043462569
 23043463201
 34112115900
 34112115896
 34112115897
 43
 3
 11
 34112114273
 253
 23043463197
 23043462997
 23043463155
 34112114273
 23043462571
 34112115900
 34112115896
 34112115897
 43
 3
 11
 3844
 3845
 3846
 3847
 3848
 3849
 3850
 3851
 3852
 3853
 3854
 3855
 3856
 3857
 3858
 3859
 3860
 3861
 3862
 3863
 3864
 3865
 3866
 3867
 3868
 3869
 3870
 3871
 3872
 3873
 3874
 3875
 34112115870
 23043456531
 34359738362
 448
 23043462991
 23043456529
 38
 251
 34112114274
 34359738363
 23043456530
 23043456533
 259
 23043463155
 23043462574
 23043463199
 23043462945
 23043463018
 23043463024
 23043463021
 23043463017
 23043463203
 23043463009
 23043462993
 23043463001
 23043462777
 23043462846
 23043462576
 449
 23043463022
 23043463154
 23043463026
 23043463019
 23043462829
 23043463004
 23043456532
 34359738361
 23043463020
 23043463023
 23043462760
 23043463007
 23043462577
 23043463202
 23043462575
 23043463014
 23043463204
 23043463197
 23043463027
 23043463015
 23043462997
 23043463012
 23043462844
 23043462992
 23043463201
 23043462569
 23043463016
 23043462994
 23043463025
 23043462589
 23043462578
 23043462995
 23043462876
 23043462964
 23043463013
 23043462580
 23043462579
 23043463196
 23043463190
 23043462871
 23043462825
 23043463003
 34112115870
 23043456531
 34359738362
 448
 23043462825
 23043456529
 251
 38
 34112114274
 23043456530
 23043456533
 259
 23043463155
 23043462574
 23043462945
 23043463199
 23043463019
 23043463204
 23043463026
 23043462871
 23043463016
 23043462578
 23043463025
 23043463018
 23043463017
 23043462575
 23043462589
 23043463203
 23043463022
 23043463020
 23043462995
 23043463023
 23043463196
 23043456532
 34359738361
 23043463021
 23043463154
 23043462876
 23043463197
 23043463024
 23043462579
 23043462580
 23043463013
 23043463201
 23043463202
 23043463015
 23043462577
 23043463003
 23043463009
 23043463190
 23043462997
 23043462964
 23043462994
 23043463000
 23043462576
 23043463200
 23043462844
 34112115870
 23043456531
 34359738362
 448
 23043463007
 23043456529
 251
 23043462571
 23043463017
 23043463027
 259
 23043456533
 23043463026
 23043462580
 23043463015
 23043463200
 23043462576
 23043463024
 38
 23043463000
 34112114274
 23043462844
 23043462997
 23043463203
 23043463022
 34359738361
 23043463197
 23043462589
 23043463025
 23043463016
 23043463007
 23043463201
 23043456530
 23043463204
 34112115870
 23043463018
 23043456531
 23043462569
 34359738362
 34112114273
 448
 23043463202
 23043463021
 23043456529
 23043463007
 251
 23043462571
 23043462997
 23043463154
 23043463017
 259
 23043463011
 23043456533
 23043463021
 23043463000
 23043462996
 23043462580
 23043463024
 23043462570
 23043463026
 23043462964
 23043463015
 23043463200
 23043462927
 23043462576
 23043462764
 23043462844
 23043462587
 23043463203
 23043462578
 23043462579
 23043462947
 23043462585
 23043462950
 23043462606
 23043462586
 23043462771
 23043462975
 23043463023
 23043463019
 23043463020
 23043462999
 23043463012
 23043463190
 23043463006
 34112115870
 23043463198
 23043456531
 23043463003
 34359738362
 23043463155
 23043462992
 448
 23043462965
 23043463200
 23043463191
 23043456529
 23043462998
 23043463007
 251
 23043462945
 23043463013
 23043462571
 23043463005
 23043463027
 23043463199
 23043462997
 23043463004
 259
 23043463002
 23043462577
 23043456530
 23043463021
 23043463181
 23043463001
 23043463154
 23043462993
 23043462945
 23043462994
 449
 23043463205
 23043462991
 23043463008
 23043463027
 38
 23043462760
 34112114274
 23043462995
 23043462961
 23043463014
 23043463010
 23043463009
 23043463196
 34359738361
 23043462846
 23043462737
 23043462939
 23043463016
 23043462862
 23043462602
 23043462770
 23043462851
 23043463197
 23043462575
 23043462773
 23043462589
 23043462833
 23043462832
 23043463027
 23043463025
 23043462571
 23043463201
 23043463018
 23043463154
 23043462963
 23043456530
 23043463202
 23043462569
 23043463204
 23043462998
 23043463020
 23043463013
 23043463155
 23043463198
 23043463199
 23043462996
 23043463003
 23043462945
 23043462575
 23043462579
 23043462578
 23043462975
 23043462947
 23043463002
 23043463006
 23043463005
 23043462993
 23043462964
 23043462577
 23043463010
 23043462852
 23043463009
 23043462994
 23043463023
 23043463181
 23043462862
 23043463019
 23043463014
 23043463012
 23043463022
 23043463001
 23043462992
 23043463004
 23043462570
 23043462963
 23043462861
 38
 34112114274
 34359738361
 23043456533
 23043463197
 23043462589
 23043463026
 34112115870
 23043463025
 23043456531
 23043463016
 23043456529
 34359738361
 448
 23043463204
 23043463190
 251
 23043463017
 34359738362
 23043463201
 23043463021
 23043463018
 23043462571
 23043462569
 23043463016
 23043463017
 23043463004
 23043463203
 23043463197
 23043463015
 23043462569
 23043462589
 23043462964
 23043463012
 38
 23043463026
 34112114274
 23043463013
 23043463020
 23043462570
 23043463022
 23043462992
 23043463001
 23043456533
 259
 23043456530
 23043462963
 34359738366
 23043462975
 23043462576
 23043463190
 23043463011
 23043463019
 34359738366
 34359738366
 18
 11
 38
 34359738365
 38
 34359738365
 28
 37
 37
 34313506752
 38
 34359738364
 34124912251
 34359738365
 37
 17
 34274718608
 10
 34313506748
 34124912247
 34359738364
 27
 34274718604
 34359738364
 449
 8
 7
 447
 604
 34124912221
 591
 34124912222
 444
 445
 36
 446
 35
 448
 34313506749
 25
 24
 34274718605
 449
 447
 449
 447
 3
 3
 34124911699
 2
 34124911696
 114
 113
 21
 34313506722
 20
 3
 2
 34274718578
 34274718579
 444
 445
 22951405398
 446
 25
 448
 24
 22951405399
 34313506723
 34313506719
 34313506720
 444
 445
 446
 448
 592
 564
 565
 566
 567
 568
 569
 570
 571
 572
 573
 574
 575
 576
 577
 578
 579
 580
 581
 582
 583
 584
 585
 586
 587
 588
 589
 590
 593
 594
 595
 596
 597
 598
 599
 600
 601
 602
 603
 34313502502
 34313505128
 34313505126
 34313505125
 34313505678
 34274716935
 34274716393
 34274716391
 34274716390
 34274718056
 23148630954
 23109146015
 23148623227
 23148630955
 23148630956
 23109146016
 23148630957
 23148630958
 23148630959
 34359738362
 34359738361
 34359738360
 23148630960
 34274683728
 23109146017
 23148630961
 23148630962
 34359738363
 23148630963
 23148630964
 23148630965
 34313505679
 34313504162
 34112114273
 449
 34112115900
 34112115896
 34112115897
 43
 3
 11
 3876
 3877
 3878
 3879
 3880
 3881
 3882
 3883
 3884
 3885
 3886
 3887
 3888
 3889
 3890
 3891
 3892
 3893
 3894
 3895
 3896
 3897
 3898
 3899
 3900
 3901
 3902
 3903
 3904
 3905
 3906
 3907
 34274686832
 34274686831
 23109146018
 449
 23043463014
 23043462569
 34112115900
 34112115896
 34112115897
 43
 3
 11
 34112114273
 3940
 3941
 3942
 3943
 3944
 3945
 3946
 3947
 3948
 3949
 3950
 3951
 3952
 3953
 3954
 3955
 3956
 3957
 3958
 3959
 3960
 3961
 3962
 3963
 3964
 3965
 3966
 3967
 3968
 3969
 3970
 3971
 23043462998
 23043462587
 4051
 4052
 4053
 4054
 4055
 4056
 4057
 4058
 4059
 4060
 4061
 4062
 4063
 4064
 4065
 4066
 4067
 253
 4068
 4069
 4070
 4071
 4072
 4073
 4074
 4075
 4076
 4077
 4078
 4079
 4080
 23043463198
 4081
 4082
 23043463191
 4162
 4163
 4164
 4165
 4166
 4167
 4168
 4169
 4170
 4171
 4172
 4173
 4174
 4175
 34112114273
 4176
 4177
 4178
 4179
 4180
 4181
 4182
 4183
 23043462571
 4184
 4185
 4186
 4187
 4188
 4189
 4190
 4191
 4192
 4193
 4273
 4274
 4275
 4276
 4277
 4278
 4279
 4280
 34112115900
 4281
 4282
 4283
 4284
 4285
 34112115896
 4286
 4287
 4288
 4289
 34112115897
 4290
 4291
 4292
 4293
 4294
 4295
 4296
 4297
 4298
 4299
 4300
 4301
 4302
 4303
 4304
 43
 3
 11
 4384
 4385
 4386
 4387
 4388
 4389
 4390
 4391
 4392
 4393
 4394
 4395
 4396
 4397
 4398
 4399
 4400
 4401
 4402
 4403
 4404
 4405
 4406
 4407
 4408
 4409
 4410
 4411
 4412
 4413
 4414
 4415
 4495
 4496
 4497
 4498
 4499
 4500
 4501
 4502
 4503
 4504
 4505
 4506
 4507
 4508
 4509
 4510
 4511
 4512
 4513
 4514
 4515
 4516
 4517
 4518
 4519
 4520
 4521
 4522
 4523
 4524
 4525
 4526
 4606
 4607
 4608
 4609
 4610
 4611
 4612
 4613
 4614
 4615
 4616
 4617
 4618
 4619
 4620
 4621
 4622
 4623
 4624
 4625
 4626
 4627
 4628
 4629
 4630
 4631
 4632
 4633
 4634
 4635
 4636
 4637
 4717
 4718
 4719
 4720
 4721
 4722
 4723
 4724
 4725
 4726
 4727
 4728
 4729
 4730
 4731
 4732
 4733
 4734
 4735
 4736
 4737
 4738
 4739
 4740
 4741
 4742
 4743
 4744
 4745
 4746
 4747
 4748
 4749
 4750
 4751
 4752
 4753
 4754
 4755
 4756
 4757
 4758
 4759
 4760
 4761
 4762
 4763
 4764
 4765
 4766
 4767
 4768
 4769
 4770
 4771
 4772
 4773
 4774
 4775
 4776
 4777
 4778
 4779
 4780
 4781
 4782
 4783
 4784
 4785
 4786
 4787
 4788
 4789
 4790
 4791
 4792
 4793
 4794
 4795
 4796
 4797
 4798
 4799
 4800
 4801
 4802
 4803
 4804
 4805
 4806
 4807
 4808
 4809
 4810
 4811
 4812
 4813
 4814
 4815
 4816
 4817
 4818
 4819
 4820
 4821
 4822
 4823
 4824
 4825
 4826
 4827
 4828
 4829
 4830
 4831
 4832
 4833
 4834
 4835
 4836
 4837
 4838
 4839
 4840
 4841
 4842
 4843
 4844
 4230720
 4230726
 1
 2
 3
 4
 5
 62
 5251257
 5244117
 5244096
 5244097
 5244098
 5244099
 5244100
 5244101
 5244102
 5244103
 5244104
 5244105
 5244106
 5244107
 5244108
 5244109
 5244110
 5244111
 5244112
 5244113
 5244114
 5244115
 5244116
 5244118
 5244119
 5244120
 5244121
 5244122
 5244123
 5244124
 5244125
 5244126
 5244127
 5244128
 107
 108
 109
 110
 111
 112
 113
 114
 115
 116
 117
 118
 119
 120
 121
 122
 123
 124
 125
 126
 127
 128
 129
 130
 131
 132
 133
 134
 135
 136
 137
 138
 139
 140
 141
 142
 143
 144
 145
 146
 147
 148
 149
 150
 151
 152
 153
 154
 155
 156
 157
 158
 159
 160
 161
 162
 163
 164
 165
 166
 90
 91
 92
 93
 94
 95
 96
 97
 98
 99
 100
 101
 102
 103
 104
 105
 106
 263
 264
 265
 266
 267
 268
 269
 270
 271
 272
 273
 274
 275
 276
 277
 278
 279
 280
 281
 282
 283
 284
 285
 286
 287
 288
 289
 290
 291
 292
 293
 294
 295
 296
 297
 298
 299
 300
 301
 302
 303
 304
 305
 306
 307
 308
 309
 310
 311
 312
 313
 314
 315
 316
 317
 318
 319
 320
 321
 322
 323
 324
 325
 326
 327
 328
 329
 330
 331
 332
 333
 334
 335
 336
 4845
 4846
 4847
 4848
 4849
 4850
 4851
 4852
 4853
 4854
 4855
 4856
 454
 4857
 4858
 4859
 455
 456
 4860
 457
 458
 4861
 459
 4862
 460
 4863
 461
 4864
 462
 4865
 463
 464
 465
 4866
 466
 4867
 467
 4868
 468
 4869
 469
 4870
 470
 4871
 471
 4872
 4873
 4874
 4875
 4876
 194
 195
 196
 197
 198
 199
 200
 201
 202
 203
 204
 205
 206
 207
 208
 209
 210
 211
 212
 213
 214
 215
 216
 217
 218
 219
 220
 223
 224
 225
 226
 227
 228
 229
 230
 1
 2
 3
 4
 5
 6
 7
 8
 9
 10
 11
 12
 13
 14
 15
 16
 17
 18
 19
 20
 21
 22
 23
 24
 25
 26
 27
 28
 29
 30
 31
 167
 168
 169
 170
 171
 172
 253
 254
 255
 256
 257
 258
 259
 260
 261
 262
 263
 264
 265
 266
 267
 268
 225
 226
 227
 228
 229
 230
 231
 232
 233
 234
 235
 236
 237
 238
 239
 240
 241
 242
 243
 244
 245
 246
 247
 248
 249
 250
 251
 252
 253
 254
 255
 256
 343
 344
 345
 346
 347
 348
 349
 350
 351
 352
 353
 354
 355
 356
 357
 358
 359
 360
 361
 362
 363
 364
 528
 529
 530
 531
 532
 533
 534
 535
 536
 537
 538
 539
 540
 541
 542
 543
 544
 545
 546
 547
 548
 549
 550
 551
 552
 553
 554
 555
 556
 557
 558
 559
 189
 190
 191
 192
 193
 194
 195
 196
 197
 198
 199
 200
 201
 202
 203
 204
 205
 206
 207
 208
 209
 210
 211
 212
 213
 214
 215
 216
 217
 218
 219
 220
 120
 121
 122
 123
 124
 125
 184
 185
 186
 187
 188
 189
 190
 191
 192
 193
 22
 23
 24
 25
 26
 27
 28
 29
 30
 31
 32
 33
 34
 35
 36
 37
 38
 39
 40
 41
 42
 43
 44
 45
 46
 47
 48
 49
 50
 51
 52
 53
 1
 2
 3
 4
 5
 6
 7
 8
 9
 10
 11
 12
 13
 14
 15
 16
 17
 18
 19
 20
 21
 35
 36
 37
 38
 39
 40
 41
 42
 43
 44
 45
 46
 47
 48
 49
 50
 51
 52
 53
 54
 55
 56
 57
 58
 59
 60
 61
 62
 63
 64
 65
 66
 1
 2
 3
 4
 5
 6
 7
 8
 9
 10
 11
 12
 13
 14
 15
 16
 17
 18
 19
 20
 21
 22
 23
 24
 25
 26
 27
 28
 29
 30
 31
 32
 33
 34
 67
 68
 69
 70
 71
 72
 73
 74
 75
 76
 77
 78
 79
 80
 81
 4877
 4878
 4879
 4880
 4881
 4882
 4883
 4884
 4885
 4886
 4887
 4888
 4889
 4890
 4891
 4892
 4893
 4894
 4895
 4896
 4897
 4898
 4899
 4900
 4901
 4902
 4903
 4904
 4905
 4906
 4907
 4908
 19
 20
 21
 22
 23
 24
 25
 26
 27
 28
 29
 30
 31
 32
 33
 34
 35
 36
 37
 38
 39
 40
 44
 45
 46
 47
 48
 49
 50
 1
 2
 3
 4
 5
 6
 7
 8
 9
 10
 11
 12
 13
 14
 15
 16
 17
 18
 4230727
 4230728
 4230734
 4230735
 4230738
 34112115870
 23043456531
 23043456529
 34359738364
 448
 23043462991
 38
 251
 34112114274
 23043463013
 23043462571
 23043463202
 23043463203
 23043463198
 23043463154
 23043462569
 23043463024
 23043456533
 259
 23043456530
 23043463026
 23043462945
 23043463197
 23043463019
 23043462999
 34112114273
 23043463155
 23043462577
 23043463022
 449
 5776269
 5767781
 5767776
 5767777
 5767778
 5767779
 5767780
 5767782
 5767783
 5767784
 5767785
 5767786
 5767787
 5767788
 5767789
 5767790
 5767791
 5767792
 5767793
 5767794
 5767795
 5767796
 5767797
 5767798
 5767799
 5767800
 5767801
 5767802
 5767803
 5767804
 5767805
 5767806
 5767807
 5767808
 1
 2
 3
 34359738366
 4
 5
 6
 7
 8
 9
 10
 11
 12
 13
 14
 15
 16
 15
 38
 37
 34248745528
 12
 34359738365
 34248745524
 43
 42
 7
 6
 34248745525
 449
 447
 25
 24
 34248745498
 34248745499
 444
 445
 446
 448
 39
 40
 41
 34248742934
 34248743900
 34248743898
 34248743897
 22914316968
 22914316969
 13
 22914316970
 1
 2
 3
 4
 5
 6
 7
 8
 9
 10
 11
 12
 13
 14
 15
 16
 17
 18
 19
 20
 21
 22
 23
 24
 25
 26
 27
 28
 29
 30
 31
 32
 33
 34
 35
 36
 37
 38
 39
 40
 41
 42
 43
 44
 45
 46
 47
 48
 49
 50
 51
 52
 53
 54
 55
 56
 57
 58
 59
