 13518
 13526
 13527
 13528
 13529
 13530
 13531
 13532
 13533
 13534
 13535
 13536
 13539
 14184
 14186
 8415
 8416
 8427
 8431
 8437
 5801
 5802
 5803
 5804
 5815
 5816
 5817
 5818
 5832
 2797
 2808
 2809
 2822
 15106
 15107
 15108
 15109
 15110
 15112
 15113
 15114
 15115
 15117
 15118
 15119
 5144
 5149
 5150
 5151
 5152
 5153
 5154
 5155
 5157
 5158
 5159
 5160
 5167
 5168
 5169
 5170
 5171
 5172
 5173
 4897
 4901
 4903
 4907
 4909
 8041
 8064
 8065
 8068
 13669
 13670
 13671
 12924
 12935
 12936
 8079
 8088
 8089
 3502
 3503
 3508
 3509
 3511
 3512
 3515
 3518
 3519
 3520
 3521
 3522
 3523
 3524
 12963
 12981
 12398
 5259
 5260
 5261
 5263
 5697
 5699
 5708
 5709
 11669
 11670
 11671
 11672
 11673
 11674
 11675
 11676
 11677
 11678
 11679
 11680
 11681
 11682
 11683
 11684
 11685
 11686
 11687
 11688
 11689
 11690
 11691
 11692
 11693
 11694
 11695
 11696
 11697
 11698
 11699
 11700
 15952
 15953
 15954
 15955
 15956
 15957
 15958
 15959
 15960
 15961
 15962
 15963
 15964
 15965
 15966
 15967
 15968
 15969
 15970
 15971
 15972
 15973
 15974
 15975
 15976
 15977
 15978
 15979
 15980
 15981
 15982
 15983
 1338
 1343
 1351
 1353
 13015
 13018
 5276
 5277
 5281
 5723
 5724
 5725
 5726
 5732
 5739
 2329
 2330
 11333
 11334
 11335
 11336
 11344
 11345
 11346
 11347
 11348
 11349
 11350
 11351
 11352
 11353
 11354
 11355
 11356
 11357
 11358
 11359
 11360
 11361
 11362
 11363
 11364
 2182
 2183
 2184
 2185
 2186
 2187
 2188
 2189
 2190
 2191
 2192
 2195
 2197
 2198
 2199
 2201
 2202
 2204
 2205
 2206
 2207
 2208
 1692
 1695
 1696
 1698
 1699
 13421
 13423
 13428
 13429
 13433
 13434
 5420
 5421
 5422
 5423
 5424
 5425
 5430
 5431
 8733
 8734
 8737
 7408
 7409
 7413
 7414
 7415
 7416
 7417
 7419
 7420
 7421
 7423
 7424
 3401
 3403
 3405
 3406
 3408
 3413
 3417
 3418
 3420
 3422
 3423
 3424
 3426
 3427
 3428
 3429
 3430
 3432
 10851
 10852
 10853
 10854
 10855
 10856
 10857
 10858
 10859
 10860
 10861
 10862
 10863
 10864
 10865
 10866
 10867
 10868
 10869
 10870
 10871
 10872
 10873
 10874
 10875
 10876
 10877
 10878
 10879
 10880
 10881
 10882
 5925
 3219
 3220
 3221
 3222
 3223
 3224
 3225
 3226
 3227
 3228
 3229
 3230
 3231
 3232
 3233
 3234
 3236
 3237
 3240
 3242
 3245
 3247
 5166
 5174
 5175
 5176
 5177
 5178
 5179
 5180
 5181
 5182
 5184
 5185
 5187
 5188
 5189
 7862
 7865
 7870
 7872
 830
 12491
 12493
 12494
 12495
 12496
 12497
 3099
 3101
 3102
 3104
 3110
 3114
 3115
 3116
 5839
 5843
 5845
 5846
 5852
 5853
 5854
 5855
 3712
 3713
 3719
 3721
 3722
 3723
 2716
 2718
 2719
 2729
 2731
 2733
 10518
 10519
 10520
 10521
 10522
 10523
 10524
 10525
 10526
 10527
 10528
 10529
 10530
 10531
 10532
 10533
 10534
 10535
 10536
 10537
 10538
 10539
 10540
 10541
 10542
 10543
 10544
 10545
 10546
 10547
 10548
 10549
 2375
 2376
 2377
 2378
 2381
 2385
 2387
 2388
 2391
 2394
 2395
 2210
 2211
 2212
 8657
 8670
 8671
 8673
 8676
 6359
 6360
 6361
 6363
 6364
 6366
 6367
 6368
 6369
 6370
 6371
 13540
 13541
 13543
 13544
 13545
 13547
 13549
 13553
 13554
 13555
 13557
 13560
 13561
 13562
 13563
 13564
 13565
 13566
 13567
 13569
 13571
 5203
 5204
 5205
 5208
 5211
 5216
 8271
 8272
 8273
 8276
 8277
 10185
 10186
 10187
 10188
 10189
 10190
 10191
 10192
 10193
 10194
 10195
 10196
 10197
 10198
 10199
 10200
 10201
 10202
 10203
 10204
 10205
 10206
 10207
 10208
 10209
 10210
 10211
 10212
 10213
 10214
 10215
 10216
 2583
 2585
 2586
 2588
 2593
 2594
 2595
 2596
 2597
 2598
 2608
 15984
 15985
 15986
 15987
 15988
 15989
 15990
 15991
 15992
 15993
 15994
 15995
 15996
 15997
 15998
 15999
 16000
 16001
 16002
 16003
 16004
 16005
 16006
 16007
 16008
 16009
 16010
 16011
 16012
 16013
 16014
 16015
 6679
 6680
 6682
 6694
 6696
 6697
 1477
 1478
 1480
 1489
 2540
 2546
 2549
 2550
 2551
 2553
 2554
 2555
 2558
 2559
 2560
 13964
 13965
 13968
 8971
 6324
 6327
 8548
 3254
 3255
 3257
 3258
 3259
 3261
 3266
 3267
 3268
 3269
 3270
 3271
 3272
 3273
 3274
 8324
 8325
 8333
 8335
 8336
 8340
 931
 932
 943
 945
 15077
 15078
 15079
 15080
 15081
 15084
 15085
 15086
 15087
 15088
 15090
 15093
 15094
 15095
 15096
 15097
 15099
 15100
 15101
 4952
 12295
 12299
 12300
 12301
 12302
 12303
 12304
 12305
 6783
 6790
 6793
 6795
 1825
 1835
 2293
 2295
 2300
 2301
 2302
 2304
 2305
 2308
 6229
 6230
 6231
 6232
 6234
 6235
 6236
 6237
 6238
 6239
 6240
 6241
 6242
 6243
 3737
 3739
 3740
 3741
 3742
 3743
 3751
 3752
 3753
 3754
 3755
 3756
 3757
 3758
 3759
 3760
 3761
 3762
 3767
 3768
 13932
 13933
 13938
 13947
 2865
 2870
 2872
 2986
 2987
 2989
 2990
 2992
 9852
 9853
 9854
 9855
 9856
 9857
 9858
 9859
 9860
 9861
 9862
 9863
 9864
 9865
 9866
 9867
 9868
 9869
 9870
 9871
 9872
 9873
 9874
 9875
 9876
 9877
 9878
 9879
 9880
 9881
 9882
 9883
 6937
 7588
 7589
 7591
 7592
 7594
 7596
 7597
 7598
 7600
 7605
 7606
 5115
 5116
 5117
 5118
 5119
 5121
 5122
 5123
 5124
 5125
 5126
 5128
 5129
 5131
 5132
 5077
 5085
 5086
 5087
 13243
 13244
 13245
 13258
 5637
 5640
 5641
 5644
 5645
 6765
 6773
 6775
 6776
 6777
 6779
 6780
 6781
 6782
 8943
 2562
 2563
 2564
 2566
 2567
 2570
 2572
 2573
 2576
 2577
 13871
 13876
 13886
 13887
 13888
 13889
 3655
 8315
 14286
 14290
 14291
 14293
 14298
 14302
 14310
 14313
 14316
 14317
 2950
 2952
 8579
 8580
 8582
 8594
 8596
 2773
 2776
 2777
 2781
 2782
 2784
 2789
 2791
 2273
 2274
 9055
 8841
 2912
 2913
 2918
 2928
 983
 984
 991
 994
 995
 996
 998
 13722
 13723
 13724
 13725
 13726
 13727
 5822
 5823
 5824
 5825
 5828
 5833
 5834
 5835
 5837
 5838
 16016
 16017
 16018
 16019
 16020
 16021
 16022
 16023
 16024
 16025
 16026
 16027
 16028
 16029
 16030
 16031
 16032
 16033
 16034
 16035
 16036
 16037
 16038
 16039
 16040
 16041
 16042
 16043
 16044
 16045
 16046
 16047
 13172
 13180
 4430
 4431
 4434
 4435
 4438
 4439
 4440
 4441
 4442
 4443
 4444
 4445
 4447
 4448
 4449
 4450
 4451
 4452
 4453
 4454
 4455
 4456
 4457
 4872
 3100
 3105
 3106
 3108
 3109
 3111
 3112
 3113
 1869
 12007
 12008
 12009
 12010
 12011
 12012
 12013
 12014
 12015
 12016
 12017
 12018
 12019
 12020
 12021
 12022
 12023
 12024
 12025
 12026
 12027
 12028
 12029
 12030
 12031
 12032
 12033
 12034
 12035
 12036
 12037
 12038
 15061
 15064
 15065
 15069
 15070
 15071
 15072
 15073
 15075
 15076
 14375
 14385
 14386
 14387
 14388
 14389
 14390
 14392
 14393
 14394
 14395
 14396
 14397
 14399
 14400
 14401
 14402
 14403
 4789
 4790
 4791
 4792
 4793
 4794
 4796
 4797
 4801
 4802
 4804
 4805
 4807
 975
 19
 18
 6932
 11
 12
 10
 9
 7789
 17
 16
 3218
 19
 18
 9
 8
 14921
 21
 20
 20
 13
 12
 11
 10
 16
 15
 14
 21
 27
 26
 454
 453
 3217
 6
 5
 4
 3
 10
 9
 8
 7
 3209
 456
 455
 14
 13
 12
 11
 52
 51
 14372
 15
 433
 458
 457
 460
 459
 434
 462
 461
 5242942
 5242914
 3
 2
 1
 3203
 3227
 98
 110
 109
 8101
 3211
 28
 5242940
 5242941
 5
 4
 450
 449
 4228032
 452
 451
 22
 14920
 137
 136
 135
 6931
 1
 3195
 138
 2
 5967
 9520
 9521
 9522
 9523
 9524
 9525
 9526
 9527
 9528
 9529
 9530
 9531
 9532
 9533
 9534
 9535
 9536
 9537
 9538
 9539
 9540
 9541
 9542
 9543
 9544
 9545
 9546
 9547
 9548
 9549
 9550
 9551
 5401
 5411
 5412
 5413
 5414
 5415
 5417
 5234
 5236
 5237
 5238
 5239
 5242
 5244
 5245
 5247
 5248
 5250
 5251
 5252
 5253
 5254
 5255
 5256
 5257
 5258
 14258
 14264
 14268
 14272
 14274
 14281
 14284
 14285
 7820
 7821
 7822
 7823
 6373
 6374
 6375
 6376
 6377
 6378
 6379
 6381
 6383
 6385
 6386
 6387
 6388
 6389
 6390
 6391
 3294
 3297
 3298
 3309
 14318
 14320
 14323
 14325
 14332
 14333
 14337
 14338
 14339
 14340
 14341
 14342
 14345
 14346
 14347
 14348
 1431
 1435
 2494
 2495
 2498
 3126
 3131
 3132
 3141
 5797
 5798
 5799
 12702
 12704
 12709
 12711
 12714
 12721
 12722
 12723
 12724
 12725
 12726
 16048
 16049
 16050
 16051
 16052
 16053
 16054
 16055
 16056
 16057
 16058
 16059
 16060
 16061
 16062
 16063
 16064
 16065
 16066
 16067
 16068
 16069
 16070
 16071
 16072
 16073
 16074
 16075
 16076
 16077
 16078
 16079
 2984
 2985
 2994
 2996
 2999
 3000
 3001
 13348
 13349
 13358
 13359
 13360
 13361
 13363
 5360
 5363
 5364
 5373
 5374
 5375
 5377
 5379
 5381
 15532
 15533
 15534
 15536
 15537
 15538
 15539
 15540
 15541
 15542
 15545
 15546
 15547
 15548
 15549
 15550
 15551
 15552
 15553
 15554
 15555
 2680
 2688
 2695
 2698
 2699
 14312
 14319
 14321
 14322
 14326
 14327
 14328
 14330
 14335
 14349
 14350
 14351
 14352
 14355
 14356
 14357
 14358
 14359
 14360
 14361
 14362
 14364
 14365
 14366
 14369
 14370
 14371
 12654
 12655
 12658
 14405
 14407
 14408
 14409
 14410
 14411
 14412
 14417
 14423
 14424
 14425
 3487
 2751
 2759
 2760
 2763
 2764
 2765
 2766
 14655
 14658
 14672
 9126
 9130
 9131
 9132
 9135
 9136
 9137
 9138
 9139
 9140
 4911
 4914
 4915
 4916
 4917
 4918
 4919
 4920
 4921
 4922
 4925
 4926
 1206
 1215
 1219
 1220
 3198
 3201
 9189
 9190
 9191
 9192
 6392
 6393
 6394
 6396
 6397
 6398
 6402
 5471
 5472
 5474
 5478
 5481
 5483
 9354
 2885
 2889
 2892
 2893
 2900
 2902
 2903
 2904
 2906
 5505
 5506
 5512
 5526
 5527
 3252
 3264
 13955
 13957
 13958
 2611
 2614
 2621
 2622
 2627
 2629
 2630
 2631
 2632
 11093
 11095
 11097
 11108
 7172
 7173
 7176
 7180
 2655
 2657
 2658
 2660
 2662
 2663
 2664
 2665
 2668
 2670
 2673
 2674
 2678
 3020
 3028
 3032
 4808
 4809
 4811
 4813
 4815
 4816
 4817
 4818
 4819
 4822
 4824
 4825
 4826
 13051
 13057
 13065
 7063
 7064
 7065
 7068
 7069
 7072
 6418
 6419
 6420
 6421
 6422
 6423
 6424
 6430
 4852
 4853
 8816
 173
 174
 175
 176
 177
 188
 191
 192
 193
 201
 202
 203
 34269199516
 22928219373
 22928219371
 38
 34269197919
 34359738365
 34359738364
 251
 34359738365
 448
 22928223229
 22928223251
 22928222806
 22928223250
 22928223260
 22928223241
 22928222804
 22928223252
 22928223231
 22928223244
 22928219375
 259
 22928219372
 22928223254
 22928223180
 22928223182
 22928223236
 34269197918
 22928223197
 22928223249
 22928223237
 22928223245
 22928223246
 385
 399
 400
 401
 402
 403
 404
 405
 406
 407
 408
 409
 410
 411
 412
 413
 414
 415
 416
 256
 258
 259
 274
 449
 22928223227
 5775471
 5775920
 5767273
 5767264
 5767265
 5767266
 5767267
 5767268
 5767269
 5767270
 5767271
 5767272
 5767274
 5767275
 5767276
 5767277
 5767278
 5767279
 5767280
 5767281
 5767282
 5767283
 5767284
 5767285
 5767286
 5767287
 5767288
 5767289
 5767290
 5767291
 5767292
 5767293
 5767294
 5767295
 5767296
 22928223230
 22928223243
 22928223257
 22928223256
 22928222841
 22928223247
 22928223097
 22928222821
 22928223225
 22928223226
 22928223199
 22928223239
 22928223185
 22928223198
 22928223234
 22928223235
 22928223253
 22928222814
 22928223195
 22928222815
 22928223179
 22928223210
 22928223238
 22928223228
 22928222824
 22928222995
 22928223259
 22928223242
 22928223240
 22928222820
 22928223258
 22928223232
 22928223224
 22928223120
 22928222813
 22928223174
 22928223255
 22928223181
 22928222809
 22928222822
 22928222812
 22928223006
 22928222825
 22928222811
 22928223096
 22928222823
 22928222840
 6525
 6534
 6536
 6537
 5775793
 5775921
 5767226
 5767200
 5767201
 5767202
 5767203
 5767204
 5767205
 5767206
 5767207
 5767208
 5767209
 5767210
 5767211
 5767212
 5767213
 5767214
 5767215
 5767216
 5767217
 5767218
 5767219
 5767220
 5767221
 5767222
 5767223
 5767224
 5767225
 5767227
 5767228
 5767229
 5767230
 5767231
 5767232
 5775766
 5775767
 22928223223
 1
 2
 3
 4
 5
 6
 7
 8
 9
 10
 11
 12
 13
 14
 15
 16
 17
 18
 19
 21
 22
 23
 24
 25
 26
 27
 28
 29
 30
 31
 34269199545
 34269199541
 34269199542
 43
 10
 11
 12
 14
 15
 16
 17
 18
 22
 24
 25
 26
 27
 28
 29
 30
 31
 34
 35
 36
 37
 38
 39
 40
 41
 1
 2
 3
 4
 3
 1
 2
 3
 4
 5
 6
 7
 8
 9
 10
 11
 12
 13
 11
 3763
 3772
 3774
 3777
 16080
 16081
 16082
 16083
 16084
 16085
 16086
 16087
 16088
 16089
 16090
 16091
 16092
 16093
 16094
 16095
 16096
 16097
 16098
 16099
 16100
 16101
 16102
 16103
 16104
 16105
 16106
 16107
 16108
 16109
 16110
 16111
 8173
 1524
 1536
 1537
 8976
 8997
 13583
 13604
 5220
 5222
 5223
 5224
 5228
 13499
 13500
 13501
 13502
 13503
 13504
 13505
 13506
 13507
 13508
 13509
 13510
 13511
 13512
 13513
 13515
 13516
 1862
 7312
 7313
 7314
 7315
 7317
 7318
 7319
 7320
 7607
 7608
 7609
 7611
 7617
 2787
 13989
 13226
 5408
 14087
 14097
 14098
 14099
 14100
 14101
 14103
 14105
 14112
 1225
 1226
 1228
 1235
 1240
 1241
 4766
 4767
 4768
 4769
 4770
 4771
 4772
 4773
 4774
 4775
 4776
 4777
 4778
 4779
 4781
 4782
 14426
 14438
 14439
 14440
 15615
 15616
 15617
 15618
 15619
 15620
 15621
 15622
 15623
 15624
 15626
 15627
 15630
 15631
 14050
 14051
 14054
 14062
 14064
 14065
 14999
 15000
 15001
 15003
 15005
 15006
 15007
 15008
 15009
 15010
 15012
 15013
 15015
 15019
 15020
 15022
 15023
 15024
 15025
 15026
 15027
 15028
 2062
 2063
 2064
 2065
 2066
 2067
 2068
 2069
 2070
 2071
 2078
 2084
 2085
 2086
 2087
 2088
 9327
 9331
 11151
 14515
 14516
 14517
 14521
 14523
 14524
 14525
 14529
 14530
 14531
 14533
 14534
 14535
 14536
 14537
 14538
 14542
 14543
 14544
 14545
 16112
 16113
 16114
 16115
 16116
 16117
 16118
 16119
 16120
 16121
 16122
 16123
 16124
 16125
 16126
 16127
 16128
 16129
 16130
 16131
 16132
 16133
 16134
 16135
 16136
 16137
 16138
 16139
 16140
 16141
 16142
 16143
 3724
 3725
 3728
 3732
 3733
 3735
 2463
 15561
 15562
 15563
 15564
 15565
 15571
 15574
 15576
 15577
 15578
 15579
 15580
 15582
 15583
 15584
 15585
 15586
 15587
 15588
 15589
 15590
 15591
 4933
 6974
 6989
 7773
 3434
 5900
 15123
 15125
 15127
 15128
 15135
 15136
 15137
 15138
 15139
 15141
 15143
 15144
 15148
 15149
 15151
 15152
 15153
 15154
 8012
 8016
 8017
 8018
 8020
 8024
 8025
 5744
 5750
 5751
 5752
 5754
 5755
 5760
 5764
 5765
 3356
 3363
 3370
 3374
 3375
 8132
 8136
 1473
 1481
 1483
 2930
 5539
 5540
 5541
 5543
 5544
 5555
 5566
 7342
 7351
 7445
 7456
 6486
 6506
 6510
 6511
 13120
 12707
 14947
 14955
 8863
 8864
 8875
 8877
 14283
 14288
 14289
 14295
 14299
 14301
 14303
 14305
 14306
 14307
 14309
 6459
 6460
 6461
 6462
 6463
 14247
 14248
 14249
 14250
 14251
 14253
 14259
 14261
 14262
 14263
 14265
 14266
 14267
 14269
 14277
 8260
 8261
 8269
 8270
 8275
 16144
 16145
 16146
 16147
 16148
 16149
 16150
 16151
 16152
 16153
 16154
 16155
 16156
 16157
 16158
 16159
 16160
 16161
 16162
 16163
 16164
 16165
 16166
 16167
 16168
 16169
 16170
 16171
 16172
 16173
 16174
 16175
 7846
 7854
 7857
 8715
 15184
 15190
 15192
 15193
 15194
 15195
 15196
 15197
 15200
 15203
 15204
 15206
 15208
 15209
 15210
 15211
 15212
 7934
 7937
 7945
 7953
 7958
 12671
 12677
 14442
 14443
 14444
 14445
 14446
 14448
 14449
 14450
 14451
 14452
 14453
 14455
 14456
 14457
 14458
 14459
 14460
 14462
 14067
 14068
 14071
 14073
 14075
 14077
 14078
 14082
 2404
 2409
 2411
 2412
 2413
 2414
 2419
 2420
 2424
 1093
 1096
 14635
 14636
 14637
 14638
 14639
 14640
 14647
 14648
 14649
 14651
 14653
 14656
 14659
 14660
 14661
 14663
 14664
 14666
 6671
 15155
 15156
 15157
 15158
 15159
 15160
 15162
 15170
 15171
 15172
 7631
 7633
 7635
 7636
 7637
 7638
 7639
 7641
 7642
 7644
 7645
 7646
 8316
 8170
 11337
 11338
 11339
 11340
 11341
 11342
 11343
 11365
 11366
 11367
 11368
 6141
 6165
 6167
 7077
 7078
 7081
 7084
 7085
 7098
 3686
 3708
 3709
 3710
 6556
 6570
 6571
 6585
 5497
 5498
 5499
 5504
 5508
 2821
 2823
 2826
 2827
 2828
 2830
 2832
 2835
 2837
 2838
 2839
 2843
 12478
 12481
 12490
 7399
 7400
 7401
 7402
 7403
 7406
 7407
 7963
 7968
 7984
 7993
 3382
 3384
 3385
 3386
 3387
 3391
 3396
 3398
 14125
 14130
 13043
 3557
 5141
 2432
 16176
 16177
 16178
 16179
 16180
 16181
 16182
 16183
 16184
 16185
 16186
 16187
 16188
 16189
 16190
 16191
 16192
 16193
 16194
 16195
 16196
 16197
 16198
 16199
 16200
 16201
 16202
 16203
 16204
 16205
 16206
 16207
 3190
 3197
 3204
 1771
 1778
 1779
 1780
 8198
 8200
 8212
 8662
 8663
 8664
 8665
 8666
 8675
 5776
 5777
 11213
 11217
 11219
 14126
 14157
 1546
 1548
 1549
 1550
 5670
 5677
 5679
 5685
 14028
 14030
 2666
 2667
 2669
 5549
 5550
 5554
 5561
 5562
 5563
 3013
 3016
 3024
 3026
 3029
 3031
 3033
 3034
 3044
 7790
 7797
 7798
 7799
 3260
 5457
 5462
 5463
 5465
 5467
 8829
 12396
 12409
 12418
 15643
 15645
 15646
 15647
 15648
 15649
 15651
 15652
 15653
 15654
 15655
 15656
 15658
 15659
 15661
 15662
 15663
 15664
 5577
 5578
 5584
 5589
 5590
 5591
 5592
 5593
 5596
 5598
 6263
 6264
 6267
 6269
 6274
 6279
 6281
 6282
 13161
 13162
 13163
 13164
 13166
 13167
 8397
 8402
 8417
 2526
 14546
 14548
 14549
 14550
 14552
 14553
 14554
 14556
 14558
 14559
 14560
 14561
 14562
 14563
 14564
 14565
 2860
 2871
 2873
 2877
 14567
 14568
 14569
 14571
 14573
 14574
 14576
 14577
 14579
 14580
 14581
 14582
 14583
 14584
 14585
 14586
 15349
 15350
 15355
 15356
 15357
 15358
 15360
 15361
 15362
 15363
 15364
 15365
 15366
 15367
 15368
 15369
 15370
 15372
 14465
 14466
 14467
 14468
 14469
 14471
 14472
 14473
 14474
 14475
 14476
 14477
 14478
 14480
 14481
 14483
 7209
 7210
 7212
 7214
 7215
 7217
 7219
 7221
 7222
 7223
 7227
 7229
 7233
 7234
 7237
 5873
 5874
 5876
 5878
 5879
 5880
 5882
 15215
 15216
 15218
 15219
 15220
 15223
 15224
 15226
 15230
 15232
 15234
 15235
 15236
 15237
 5055
 5056
 5057
 5064
 7713
 7714
 5734
 5736
 5738
 5740
 5741
 5742
 5743
 5747
 5748
 5749
 5756
 5757
 15247
 15249
 15250
 15257
 15258
 15259
 15261
 15262
 15263
 15265
 15269
 15271
 15272
 15273
 11162
 11164
 12574
 12586
 6936
 6951
 6959
 16208
 16209
 16210
 16211
 16212
 16213
 16214
 16215
 16216
 16217
 16218
 16219
 16220
 16221
 16222
 16223
 16224
 16225
 16226
 16227
 16228
 16229
 16230
 16231
 16232
 16233
 16234
 16235
 16236
 16237
 16238
 16239
 13866
 13875
 13885
 14686
 14689
 14690
 14691
 14692
 14694
 14695
 14698
 14699
 14700
 14701
 14702
 14703
 14704
 14705
 14707
 14708
 14709
 14710
 14711
 14712
 14713
 14715
 14716
 1122
 1135
 1136
 7916
 7919
 7920
 7921
 7923
 1566
 7195
 7205
 14587
 14588
 14589
 14590
 14591
 14594
 14596
 14597
 14598
 14599
 14600
 14601
 14603
 14604
 14606
 14608
 14609
 14611
 14614
 14615
 14617
 14618
 2393
 12451
 12465
 14736
 14738
 14739
 14740
 14741
 14744
 14746
 14747
 14748
 14749
 14750
 14751
 14752
 14753
 14755
 14756
 14757
 14759
 14760
 14761
 14764
 14766
 1364
 1368
 1369
 1370
 1380
 1387
 1388
 1393
 13834
 13836
 13840
 13851
 13857
 8837
 3584
 3595
 12325
 12327
 12334
 12335
 12339
 12349
 5523
 5528
 5529
 5533
 5535
 5538
 1713
 1714
 1715
 6888
 6897
 13743
 13745
 13746
 13747
 13748
 13749
 13750
 13751
 13752
 13755
 13757
 13758
 13759
 13760
 15310
 15311
 15312
 15313
 15316
 15317
 15318
 15319
 15325
 15326
 15327
 15329
 15330
 15331
 15334
 15335
 15336
 15337
 15338
 15340
 15341
 15633
 15634
 15635
 15636
 15639
 15640
 15641
 9392
 9393
 12637
 5354
 14667
 14668
 14669
 14673
 14674
 14677
 14681
 14717
 14718
 14719
 14722
 14726
 14727
 14729
 14730
 14733
 14734
 14735
 8450
 8453
 8455
 8459
 14828
 14835
 14836
 14837
 14844
 14845
 14846
 14847
 1586
 1588
 1598
 1
 2
 3
 4
 5
 6
 7
 8
 9
 1082
 4929
 4940
 16240
 16241
 16242
 16243
 16244
 16245
 16246
 16247
 16248
 16249
 16250
 16251
 16252
 16253
 16254
 16255
 16256
 16257
 16258
 16259
 16260
 16261
 16262
 16263
 16264
 16265
 16266
 16267
 16268
 16269
 16270
 16271
 14488
 14489
 14490
 14493
 14495
 14496
 14497
 14498
 14499
 14500
 14502
 14503
 14505
 14506
 14507
 14508
 14512
 937
 944
 953
 956
 2855
 2856
 4971
 2605
 2606
 2607
 12373
 12376
 8421
 8422
 8423
 8104
 8105
 8112
 14209
 14216
 14217
 14218
 2812
 2814
 6212
 6225
 15402
 15403
 15404
 15405
 15406
 15407
 15408
 15409
 15410
 15411
 15412
 15413
 15415
 15416
 15417
 15418
 15419
 15422
 15423
 15425
 15426
 15427
 15428
 15102
 15103
 15104
 15121
 2730
 2734
 2739
 2741
 2742
 2744
 5019
 5035
 5039
 15383
 15384
 15385
 15386
 15387
 15388
 15389
 15391
 15392
 15396
 15398
 15399
 15400
 14160
 14161
 14162
 14163
 14164
 14167
 14169
 14171
 14172
 6850
 6853
 6860
 6862
 6863
 6864
 6865
 6866
 6868
 6874
 6825
 6826
 6827
 6828
 6831
 6833
 6837
 6842
 6597
 6603
 6605
 6606
 6607
 6608
 6609
 6610
 14619
 14620
 14621
 14622
 14623
 14624
 14625
 14626
 14628
 14629
 11701
 11702
 11703
 11704
 11705
 11706
 11707
 11708
 11709
 11710
 11711
 11712
 11713
 11714
 11715
 11716
 11717
 11718
 11719
 11720
 11721
 11722
 11723
 11724
 11725
 11726
 11727
 11728
 11729
 11730
 11731
 11732
 8471
 8477
 8478
 8479
 8480
 8482
 8486
 16272
 16273
 16274
 16275
 16276
 16277
 16278
 16279
 16280
 16281
 16282
 16283
 16284
 16285
 16286
 16287
 16288
 16289
 16290
 16291
 16292
 16293
 16294
 16295
 16296
 16297
 16298
 16299
 16300
 16301
 16302
 16303
 9288
 9298
 9307
 9308
 14769
 14771
 14772
 14773
 14776
 14787
 14789
 14792
 14794
 14795
 14798
 14800
 15275
 15276
 15277
 15280
 15281
 15282
 15283
 15287
 15290
 13636
 13642
 13648
 13649
 13655
 15429
 15430
 15431
 15432
 15433
 15434
 15435
 15436
 15437
 15438
 15439
 14826
 14827
 14842
 5502
 5503
 5513
 5514
 13934
 9090
 9101
 9102
 9103
 15291
 15292
 15294
 15298
 15299
 15300
 15302
 15303
 15304
 15305
 15306
 15457
 15458
 15459
 15460
 15461
 15462
 15464
 15467
 15468
 15469
 15470
 15471
 15472
 15474
 15477
 15478
 15481
 15482
 15484
 15485
 15486
 15487
 10883
 10884
 10885
 10886
 10887
 10888
 10889
 10890
 10891
 10892
 10893
 10894
 10895
 10896
 10897
 10898
 10899
 10900
 10901
 10902
 10903
 10904
 10905
 10906
 10907
 10908
 10909
 10910
 10911
 10912
 10913
 10914
 9050
 9053
 9056
 9064
 9065
 3047
 6089
 6095
 6096
 6097
 6098
 6099
 6100
 6101
 6102
 15307
 3169
 3185
 3187
 3189
 3193
 3199
 13783
 13784
 13787
 13792
 13801
 10550
 10551
 10552
 10553
 10554
 10555
 10556
 10557
 10558
 10559
 10560
 10561
 10562
 10563
 10564
 10565
 10566
 10567
 10568
 10569
 10570
 10571
 10572
 10573
 10574
 10575
 10576
 10577
 10578
 10579
 10580
 10581
 4993
 5013
 5016
 5020
 5023
 6641
 6647
 8210
 8213
 8215
 8216
 8218
 8223
 8224
 8226
 8228
 8229
 8230
 8231
 2749
 2755
 2756
 2757
 2761
 2769
 7717
 7718
 13542
 13548
 13550
 13551
 13552
 13556
 13558
 13559
 13570
 15029
 15030
 15031
 15032
 15033
 15034
 15036
 15037
 15039
 15040
 15041
 15043
 15044
 15045
 15046
 15047
 15049
 10217
 10218
 10219
 10220
 10221
 10222
 10223
 10224
 10225
 10226
 10227
 10228
 10229
 10230
 10231
 10232
 10233
 10234
 10235
 10236
 10237
 10238
 10239
 10240
 10241
 10242
 10243
 10244
 10245
 10246
 10247
 10248
 13409
 13420
 7371
 7374
 7384
 3341
 3342
 3345
 7900
 16304
 16305
 16306
 16307
 16308
 16309
 16310
 16311
 16312
 16313
 16314
 16315
 16316
 16317
 16318
 16319
 16320
 16321
 16322
 16323
 16324
 16325
 16326
 16327
 16328
 16329
 16330
 16331
 16332
 16333
 16334
 16335
 8607
 8620
 8621
 8623
 8624
 8626
 8630
 8631
 8632
 8633
 8634
 8635
 8636
 6519
 6523
 6524
 6526
 6527
 6532
 6081
 6082
 8585
 8595
 8330
 8331
 1453
 1457
 1459
 1460
 1461
 1464
 1465
 15342
 15343
 15344
 15345
 15346
 15348
 8775
 8787
 4228043
 13967
 13978
 13124
 13136
 13149
 1167
 1168
 1174
 1176
 1177
 1182
 2933
 2934
 2940
 2941
 2943
 2945
 2948
 7938
 7939
 7940
 7951
 7952
 1785
 1799
 1807
 15442
 15445
 15447
 15448
 15449
 15450
 15451
 15453
 15454
 15455
 11369
 11370
 11371
 11372
 11373
 11374
 11375
 11376
 11377
 11378
 11379
 11380
 11381
 11382
 11383
 11384
 11385
 11386
 11387
 11388
 11389
 11390
 11391
 11392
 11393
 11394
 11395
 11396
 11397
 11398
 11399
 11400
 1623
 1629
 1630
 2275
 2276
 2277
 2284
 2288
 2289
 6731
 6739
 6740
 9884
 9885
 9886
 9887
 9888
 9889
 9890
 9891
 9892
 9893
 9894
 9895
 9896
 9897
 9898
 9899
 9900
 9901
 9902
 9903
 9904
 9905
 9906
 9907
 9908
 9909
 9910
 9911
 9912
 9913
 9914
 9915
 9011
 9012
 9013
 9015
 9016
 9018
 9019
 9020
 9021
 9023
 9027
 9029
 9030
 9031
 9035
 13719
 13728
 13729
 13734
 7736
 7737
 7740
 7742
 7747
 7748
 7749
 7751
 7752
 2772
 1349
 1350
 1352
 1354
 1356
 1359
 1362
 1510
 1514
 1515
 1517
 1519
 1523
 7418
 7422
 7425
 7427
 12681
 12708
 12710
 1183
 1184
 1185
 1186
 1197
 3378
 3380
 3388
 1482
 1488
 1492
 1497
 2863
 2864
 2866
 1213
 1227
 1234
 15592
 15594
 15596
 15597
 15598
 15599
 15600
 15601
 15602
 15603
 15604
 15605
 15606
 15607
 3239
 15556
 15559
 1401
 1403
 1405
 1407
 1416
 1421
 14857
 14861
 14872
 14873
 981
 985
 1325
 1327
 1328
 1329
 1330
 1331
 1332
 1333
 1334
 1335
 1336
 1337
 1338
 1340
 1341
 1342
 1796
 11220
 8551
 8552
 8557
 16336
 16337
 16338
 16339
 16340
 16341
 16342
 16343
 16344
 16345
 16346
 16347
 16348
 16349
 16350
 16351
 16352
 16353
 16354
 16355
 16356
 16357
 16358
 16359
 16360
 16361
 16362
 16363
 16364
 16365
 16366
 16367
 3143
 3147
 3148
 3149
 3156
 3157
 3158
 3163
 3170
 3171
 15513
 15514
 15515
 15516
 15517
 15518
 15519
 15523
 15524
 15525
 15527
 15528
 15529
 15530
 1658
 1665
 1668
 1669
 1672
 7851
 7867
 14374
 14376
 14378
 14381
 14382
 14383
 14384
 12004
 12005
 12006
 14183
 14190
 14193
 14194
 14195
 14196
 11655
 11656
 11657
 11671
 11672
 11673
 11674
 11675
 11676
 11677
 11678
 11679
 11680
 11681
 11682
 11683
 11684
 11685
 11686
 6601
 15492
 15493
 15494
 15495
 15496
 15497
 15498
 15500
 15502
 15503
 15504
 15505
 15508
 15509
 15511
 15512
 13810
 2491
 9552
 9553
 9554
 9555
 9556
 9557
 9558
 9559
 9560
 9561
 9562
 9563
 9564
 9565
 9566
 9567
 9568
 9569
 9570
 9571
 9572
 9573
 9574
 9575
 9576
 9577
 9578
 9579
 9580
 9581
 9582
 9583
 8637
 8639
 8640
 8643
 1819
 1829
 1833
 1837
 1838
 1843
 1845
 1848
 12982
 12997
 6028
 6030
 6031
 6032
 6033
 6034
 6036
 6038
 6044
 6059
 9007
 9008
 9009
 9010
 1078
 1079
 8046
 9358
 9362
 7640
 7647
 7648
 7649
 7652
 7653
 7655
 7656
 10837
 10838
 10839
 10853
 10854
 10855
 10856
 10857
 10858
 10859
 10860
 10861
 10862
 10863
 10864
 10865
 10866
 10867
 10868
 8984
 6000
 6001
 6002
 6003
 6004
 6005
 6009
 6010
 6014
 6015
 6018
 6019
 6020
 6022
 6023
 16368
 16369
 16370
 16371
 16372
 16373
 16374
 16375
 16376
 16377
 16378
 16379
 16380
 16381
 16382
 16383
 1201
 1210
 3243
 3244
 3246
 3248
 3250
 3008
 1609
 1616
 1617
 1618
 15668
 15669
 15670
 15671
 15672
 15673
 15674
 15675
 15676
 15677
 15678
 15679
 15680
 15681
 15682
 15683
 15684
 15686
 15687
 15688
 15690
 15691
 15692
 15694
 15695
 13446
 13447
 13448
 13461
 11192
 11196
 11203
 11205
 11209
 11210
 11072
 11073
 11074
 11075
 11076
 11077
 11078
 11079
 11080
 11081
 11082
 11083
 11084
 11085
 11086
 11088
 13664
 13678
 13679
 13688
 10504
 10505
 10506
 10520
 10521
 10522
 10523
 10524
 10525
 10526
 10527
 10528
 10529
 10530
 10531
 10532
 10533
 10534
 10535
 14799
 14807
 14808
 14809
 14810
 8922
 8923
 8925
 8926
 8928
 8929
 8930
 8931
 6917
 6918
 6919
 6920
 6922
 6926
 6928
 3118
 3119
 3120
 3130
 3133
 8946
 8953
 8955
 8962
 8963
 9217
 9218
 9228
 15240
 14889
 14896
 14899
 14900
 6698
 6700
 6703
 6705
 6706
 6709
 7670
 7671
 7675
 7678
 7679
 7680
 11245
 11252
 11254
 11255
 11256
 11257
 11258
 11259
 11260
 5316
 5319
 5320
 5322
 5323
 5324
 5327
 5328
 5330
 3207
 3214
 3215
 3216
 3219
 3220
 3221
 3222
 12513
 12516
 12518
 12520
 12523
 12525
 12528
 7707
 9838
 9839
 9840
 9841
 9842
 9854
 9855
 9856
 9857
 9858
 9859
 9860
 9861
 9862
 9863
 9864
 9865
 9866
 9867
 9868
 9869
 15488
 15490
 15491
 7110
 7111
 7112
 7114
 7115
 7116
 7118
 7121
 7122
 7123
 7126
 7128
 7130
 7132
 7133
 7134
 7139
 7140
 7532
 7539
 7540
 7541
 7544
 7545
 7546
 7548
 7549
 7552
 7553
 7558
 7561
 8646
 8648
 8649
 8654
 8655
 8657
 8661
 8668
 7266
 7267
 7275
 7276
 7277
 7278
 7279
 7281
 4892
 4898
 4900
 4902
 4905
 8139
 8140
 8141
 8142
 8145
 8146
 8148
 8152
 8155
 8156
 8157
 8160
 8161
 8718
 6305
 442
 6815757
 443
 16384
 16385
 16386
 16387
 16388
 16389
 16390
 16391
 16392
 16393
 16394
 16395
 16396
 16397
 16398
 16399
 1
 2
 3
 4
 5
 6
 7
 8
 56
 57
 58
 59
 60
 61
 62
 63
 64
 65
 66
 67
 68
 69
 70
 71
 72
 73
 74
 75
 76
 77
 78
 79
 80
 81
 82
 83
 84
 85
 86
 87
 1
 2
 3
 4
 5
 6
 7
 8
 9
 10
 11
 12
 13
 14
 15
 16
 17
 18
 19
 20
 21
 22
 23
 24
 25
 26
 27
 28
 29
 30
 31
 88
 89
 90
 91
 92
 93
 94
 95
 96
 97
 98
 99
 100
 101
 102
 103
 104
 105
 106
 107
 108
 109
 110
 111
 112
 113
 114
 32
 33
 34
 35
 36
 37
 38
 39
 40
 41
 42
 43
 44
 45
 46
 47
 48
 49
 50
 51
 52
 53
 54
 55
 5276411
 1
 2
 3
 4
 5
 6
 7
 8
 9
 10
 11
 12
 13
 14
 15
 16
 17
 18
 19
 20
 21
 22
 23
 24
 25
 26
 27
 28
 29
 30
 31
 5277112
 1
 2
 3
 4
 5
 6
 7
 8
 9
 10
 11
 12
 13
 14
 15
 16
 17
 18
 19
 20
 21
 22
 23
 24
 25
 26
 27
 28
 29
 30
 31
 5276291
 1
 2
 3
 4
 5
 6
 7
 8
 9
 10
 11
 12
 13
 14
 15
 16
 17
 18
 19
 20
 21
 22
 23
 24
 25
 26
 27
 28
 29
 30
 31
 5276731
 1
 2
 3
 4
 5
 6
 7
 8
 9
 10
 11
 12
 13
 14
 15
 16
 17
 18
 19
 20
 21
 22
 23
 24
 25
 26
 27
 28
 29
 30
 31
 5276063
 1
 2
 3
 4
 5
 6
 7
 8
 9
 10
 11
 12
 13
 14
 15
 16
 17
 18
 19
 20
 21
 22
 23
 24
 25
 26
 27
 28
 29
 30
 31
 5276089
 1
 2
 3
 4
 5
 6
 7
 8
 9
 10
 11
 12
 13
 14
 15
 16
 17
 18
 19
 20
 21
 22
 23
 24
 25
 26
 27
 28
 29
 30
 31
 5276088
 1
 2
 3
 4
 5
 6
 7
 8
 9
 10
 11
 12
 13
 14
 15
 16
 17
 18
 19
 20
 21
 22
 23
 24
 25
 26
 27
 28
 29
 30
 31
 9258
 9259
 9260
 9264
 9265
 9267
 9268
 9269
 9273
 9274
 9277
 9278
 9279
 9280
 9282
 9284
 5279814
 14310
 1
 2
 3
 4
 5
 6
 7
 8
 9
 10
 11
 12
 13
 14
 15
 16
 17
 18
 19
 20
 21
 22
 23
 24
 25
 26
 27
 28
 29
 30
 31
 5276090
 1
 2
 3
 4
 5
 6
 7
 8
 9
 10
 11
 12
 13
 14
 15
 16
 17
 18
 19
 20
 21
 22
 23
 24
 25
 26
 27
 28
 29
 30
 31
 6079
 6080
 6085
 6088
 6090
 6091
 6092
 6093
 6094
 5277062
 1
 2
 3
 4
 5
 6
 7
 8
 9
 10
 11
 12
 13
 14
 15
 16
 17
 18
 19
 20
 21
 22
 23
 24
 25
 26
 27
 28
 29
 30
 31
 11116
 11127
 11129
 11130
 11131
 11132
 11145
 5276050
 1
 2
 3
 4
 5
 6
 7
 8
 9
 10
 11
 12
 13
 14
 15
 16
 17
 18
 19
 20
 21
 22
 23
 24
 25
 26
 27
 28
 29
 30
 31
 8918
 8919
 8920
 8932
 8933
 5277787
 1
 2
 3
 4
 5
 6
 7
 8
 9
 10
 11
 12
 13
 14
 15
 16
 17
 18
 19
 20
 21
 22
 23
 24
 25
 26
 27
 28
 29
 30
 31
 10172
 10173
 10174
 10188
 10189
 10190
 10191
 10192
 10193
 10194
 10195
 10196
 10197
 10198
 10199
 10200
 10201
 10202
 10203
 5277118
 1
 2
 3
 4
 5
 6
 7
 8
 9
 10
 11
 12
 13
 14
 15
 16
 17
 18
 19
 20
 21
 22
 23
 24
 25
 26
 27
 28
 29
 30
 31
 5275797
 1
 2
 3
 4
 5
 6
 7
 8
 9
 10
 11
 12
 13
 14
 15
 16
 17
 18
 19
 20
 21
 22
 23
 24
 25
 26
 27
 28
 29
 30
 31
 5277014
 1
 2
 3
 4
 5
 6
 7
 8
 9
 10
 11
 12
 13
 14
 15
 16
 17
 18
 19
 20
 21
 22
 23
 24
 25
 26
 27
 28
 29
 30
 31
 5276687
 1
 2
 3
 4
 5
 6
 7
 8
 9
 10
 11
 12
 13
 14
 15
 16
 17
 18
 19
 20
 21
 22
 23
 24
 25
 26
 27
 28
 29
 30
 31
 5277818
 1
 2
 3
 4
 5
 6
 7
 8
 9
 10
 11
 12
 13
 14
 15
 16
 17
 18
 19
 20
 21
 22
 23
 24
 25
 26
 27
 28
 29
 30
 31
 5277013
 1
 2
 3
 4
 5
 6
 7
 8
 9
 10
 11
 12
 13
 14
 15
 16
 17
 18
 19
 20
 21
 22
 23
 24
 25
 26
 27
 28
 29
 30
 31
 1
 2
 3
 4
 5
 6
 7
 8
 9
 10
 11
 12
 13
 14
 15
 16
 17
 18
 19
 20
 21
 22
 23
 24
 25
 26
 27
 28
 29
 30
 31
 5276937
 1
 2
 3
 4
 5
 6
 7
 8
 9
 10
 11
 12
 13
 14
 15
 16
 17
 18
 19
 20
 21
 22
 23
 24
 25
 26
 27
 28
 29
 30
 31
 5277810
 1
 2
 3
 4
 5
 6
 7
 8
 9
 10
 11
 12
 13
 14
 15
 16
 17
 18
 19
 20
 21
 22
 23
 24
 25
 26
 27
 28
 29
 30
 31
 5275783
 1
 2
 3
 4
 5
 6
 7
 8
 9
 10
 11
 12
 13
 14
 15
 16
 17
 18
 19
 20
 21
 22
 23
 24
 25
 26
 27
 28
 29
 30
 31
 5276410
 1
 2
 3
 4
 5
 6
 7
 8
 9
 10
 11
 12
 13
 14
 15
 16
 17
 18
 19
 20
 21
 22
 23
 24
 25
 26
 27
 28
 29
 30
 31
 4910
 6550
 6551
 6566
 6567
 6569
 6572
 6573
 6575
 6576
 6578
 6579
 6580
 6581
 5276010
 16400
 16401
 16402
 16403
 16404
 16405
 16406
 16407
 16408
 16409
 16410
 16411
 16412
 16413
 16414
 16415
 16416
 16417
 16418
 16419
 16420
 16421
 16422
 16423
 16424
 16425
 16426
 16427
 16428
 16429
 16430
 16431
 1
 2
 3
 4
 5
 6
 7
 8
 9
 10
 11
 12
 13
 14
 15
 16
 17
 18
 19
 20
 21
 22
 23
 24
 25
 26
 27
 28
 29
 30
 31
 5276686
 1
 2
 3
 4
 5
 6
 7
 8
 9
 10
 11
 12
 13
 14
 15
 16
 17
 18
 19
 20
 21
 22
 23
 24
 25
 26
 27
 28
 29
 30
 31
 1
 2
 3
 4
 5
 6
 7
 8
 9
 10
 11
 12
 13
 14
 15
 16
 17
 18
 19
 20
 21
 22
 23
 24
 25
 26
 27
 28
 29
 30
 31
 5278616
 1
 2
 3
 4
 5
 6
 7
 8
 9
 10
 11
 12
 13
 14
 15
 16
 17
 18
 19
 20
 21
 22
 23
 24
 25
 26
 27
 28
 29
 30
 31
 5277102
 1
 2
 3
 4
 5
 6
 7
 8
 9
 10
 11
 12
 13
 14
 15
 16
 17
 18
 19
 20
 21
 22
 23
 24
 25
 26
 27
 28
 29
 30
 31
 5276295
 1
 2
 3
 4
 5
 6
 7
 8
 9
 10
 11
 12
 13
 14
 15
 16
 17
 18
 19
 20
 21
 22
 23
 24
 25
 26
 27
 28
 29
 30
 31
 5277103
 1
 2
 3
 4
 5
 6
 7
 8
 9
 10
 11
 12
 13
 14
 15
 16
 17
 18
 19
 20
 21
 22
 23
 24
 25
 26
 27
 28
 29
 30
 31
 5276091
 1
 2
 3
 4
 5
 6
 7
 8
 9
 10
 11
 12
 13
 14
 15
 16
 17
 18
 19
 20
 21
 22
 23
 24
 25
 26
 27
 28
 29
 30
 31
 1
 2
 3
 4
 5
 6
 7
 8
 9
 10
 11
 12
 13
 14
 15
 16
 17
 18
 19
 20
 21
 22
 23
 24
 25
 26
 27
 28
 29
 30
 31
 6992
 7005
 7006
 7007
 7008
 7009
 7011
 7013
 7014
 5276398
 1
 2
 3
 4
 5
 6
 7
 8
 9
 10
 11
 12
 13
 14
 15
 16
 17
 18
 19
 20
 21
 22
 23
 24
 25
 26
 27
 28
 29
 30
 31
 1830
 1831
 1
 2
 3
 4
 5
 6
 7
 8
 9
 10
 11
 12
 13
 14
 15
 16
 17
 18
 19
 20
 21
 22
 23
 24
 25
 26
 27
 28
 29
 30
 31
 1111
 5276726
 5369
 5370
 5371
 5378
 5380
 5383
 5384
 5385
 5386
 5388
 5389
 5390
 5391
 5393
 5394
 5395
 5396
 5397
 5398
 5399
 5400
 1
 2
 3
 4
 5
 6
 7
 8
 9
 10
 11
 12
 13
 14
 15
 16
 17
 18
 19
 20
 21
 22
 23
 24
 25
 26
 27
 28
 29
 30
 31
 6794
 6798
 6799
 6800
 6801
 6802
 6809
 6810
 6811
 6812
 6813
 6814
 6815
 6816
 6818
 6820
 6821
 5276684
 7056
 7058
 7059
 7061
 7070
 7871
 7874
 7876
 7878
 7879
 7881
 7882
 7883
 7885
 7886
 7887
 7888
 7889
 7890
 1
 2
 3
 4
 5
 6
 7
 8
 9
 10
 11
 12
 13
 14
 15
 16
 17
 18
 19
 20
 21
 22
 23
 24
 25
 26
 27
 28
 29
 30
 31
 9241
 9242
 9243
 9244
 9245
 9246
 9247
 9248
 9249
 9250
 9251
 9252
 9253
 9254
 9255
 9256
 9257
 9261
 5276163
 1719
 1
 2
 3
 4
 5
 6
 7
 8
 9
 10
 11
 12
 13
 14
 15
 16
 17
 18
 19
 20
 21
 22
 23
 24
 25
 26
 27
 28
 29
 30
 31
 3038
 3039
 3041
 3048
 3049
 3050
 3063
 5276293
 6512
 6513
 6514
 1
 2
 3
 4
 5
 6
 7
 8
 9
 10
 11
 12
 13
 14
 15
 16
 17
 18
 19
 20
 21
 22
 23
 24
 25
 26
 27
 28
 29
 30
 31
 6283
 6284
 6296
 6298
 6299
 6300
 6301
 6302
 6303
 6308
 6309
 5276048
 12319
 12320
 12321
 12322
 12326
 12328
 12329
 12330
 12331
 12332
 12333
 12337
 1
 2
 3
 4
 5
 6
 7
 8
 9
 10
 11
 12
 13
 14
 15
 16
 17
 18
 19
 20
 21
 22
 23
 24
 25
 26
 27
 28
 29
 30
 31
 5275651
 11170
 11171
 11175
 11186
 11189
 14239
 14240
 14241
 14242
 14243
 14246
 14255
 1
 2
 3
 4
 5
 6
 7
 8
 9
 10
 11
 12
 13
 14
 15
 16
 17
 18
 19
 20
 21
 22
 23
 24
 25
 26
 27
 28
 29
 30
 31
 1625
 1626
 1627
 1628
 5277015
 5468
 5469
 5473
 5476
 5480
 1
 2
 3
 4
 5
 6
 7
 8
 9
 10
 11
 12
 13
 14
 15
 16
 17
 18
 19
 20
 21
 22
 23
 24
 25
 26
 27
 28
 29
 30
 31
 8769
 8771
 8777
 8778
 8779
 8783
 8784
 8788
 8789
 8792
 7683
 7688
 7692
 7693
 7694
 7696
 7697
 7699
 7700
 7701
 7702
 7703
 7704
 7705
 7710
 7712
 14434
 13060
 13062
 13064
 13066
 13067
 13069
 13070
 13071
 13075
 13076
 13077
 13078
 13082
 13086
 13088
 13089
 5276085
 16432
 16433
 16434
 16435
 16436
 16437
 16438
 16439
 16440
 16441
 16442
 16443
 16444
 16445
 16446
 16447
 16448
 16449
 16450
 16451
 16452
 16453
 16454
 16455
 16456
 16457
 16458
 16459
 16460
 16461
 16462
 16463
 12356
 12357
 12359
 12362
 12365
 12366
 12367
 12368
 12369
 12370
 12371
 12372
 12382
 12383
 12384
 12386
 1
 2
 3
 4
 5
 6
 7
 8
 9
 10
 11
 12
 13
 14
 15
 16
 17
 18
 19
 20
 21
 22
 23
 24
 25
 26
 27
 28
 29
 30
 31
 5674
 5680
 5687
 5277782
 1
 2
 3
 4
 5
 6
 7
 8
 9
 10
 11
 12
 13
 14
 15
 16
 17
 18
 19
 20
 21
 22
 23
 24
 25
 26
 27
 28
 29
 30
 31
 5278605
 1
 2
 3
 4
 5
 6
 7
 8
 9
 10
 11
 12
 13
 14
 15
 16
 17
 18
 19
 20
 21
 22
 23
 24
 25
 26
 27
 28
 29
 30
 31
 5277085
 1
 2
 3
 4
 5
 6
 7
 8
 9
 10
 11
 12
 13
 14
 15
 16
 17
 18
 19
 20
 21
 22
 23
 24
 25
 26
 27
 28
 29
 30
 31
 5277104
 1
 2
 3
 4
 5
 6
 7
 8
 9
 10
 11
 12
 13
 14
 15
 16
 17
 18
 19
 20
 21
 22
 23
 24
 25
 26
 27
 28
 29
 30
 31
 5277113
 1
 2
 3
 4
 5
 6
 7
 8
 9
 10
 11
 12
 13
 14
 15
 16
 17
 18
 19
 20
 21
 22
 23
 24
 25
 26
 27
 28
 29
 30
 31
 5277086
 1
 2
 3
 4
 5
 6
 7
 8
 9
 10
 11
 12
 13
 14
 15
 16
 17
 18
 19
 20
 21
 22
 23
 24
 25
 26
 27
 28
 29
 30
 31
 5277011
 1
 2
 3
 4
 5
 6
 7
 8
 9
 10
 11
 12
 13
 14
 15
 16
 17
 18
 19
 20
 21
 22
 23
 24
 25
 26
 27
 28
 29
 30
 31
 5277784
 1
 2
 3
 4
 5
 6
 7
 8
 9
 10
 11
 12
 13
 14
 15
 16
 17
 18
 19
 20
 21
 22
 23
 24
 25
 26
 27
 28
 29
 30
 31
 5277811
 1
 2
 3
 4
 5
 6
 7
 8
 9
 10
 11
 12
 13
 14
 15
 16
 17
 18
 19
 20
 21
 22
 23
 24
 25
 26
 27
 28
 29
 30
 31
 5276084
 1
 2
 3
 4
 5
 6
 7
 8
 9
 10
 11
 12
 13
 14
 15
 16
 17
 18
 19
 20
 21
 22
 23
 24
 25
 26
 27
 28
 29
 30
 31
 5277786
 5403
 5405
 5409
 5410
 5416
 1
 2
 3
 4
 5
 6
 7
 8
 9
 10
 11
 12
 13
 14
 15
 16
 17
 18
 19
 20
 21
 22
 23
 24
 25
 26
 27
 28
 29
 30
 31
 7942
 7943
 7948
 7954
 7957
 5276053
 8559
 8560
 8561
 8562
 8563
 8564
 8565
 8566
 8567
 8571
 8572
 8574
 8575
 8576
 8579
 8586
 8587
 3005
 3006
 3012
 3014
 3017
 3018
 3019
 3021
 3025
 3027
 7959
 7960
 7965
 7970
 7971
 7972
 7973
 7974
 7975
 7976
 7978
 7979
 7980
 7981
 7986
 7987
 7989
 7990
 13894
 13895
 13896
 13897
 13898
 13902
 13903
 13904
 13905
 13906
 13907
 13908
 13909
 13910
 13911
 13913
 13915
 13916
 5766
 1675
 1676
 1677
 1679
 1685
 1688
 1689
 1690
 1691
 1
 2
 3
 4
 5
 6
 7
 8
 9
 10
 11
 12
 13
 14
 15
 16
 17
 18
 19
 20
 21
 22
 23
 24
 25
 26
 27
 28
 29
 30
 31
 8806
 8808
 8810
 8817
 8819
 8821
 5278598
 13814
 13815
 13816
 13817
 13819
 13823
 13825
 13826
 13827
 3045
 3052
 3055
 3057
 3059
 3064
 3065
 3067
 3068
 3071
 1
 2
 3
 4
 5
 6
 7
 8
 9
 10
 11
 12
 13
 14
 15
 16
 17
 18
 19
 20
 21
 22
 23
 24
 25
 26
 27
 28
 29
 30
 31
 12581
 12591
 12592
 12593
 12594
 12595
 12596
 12597
 12606
 13378
 13380
 13383
 13384
 13385
 13386
 13387
 13388
 13389
 13390
 13391
 13392
 13393
 13394
 13395
 13396
 13399
 13400
 13401
 13402
 13403
 13404
 13405
 13406
 13407
 13408
 5276936
 5552
 5553
 5556
 5559
 1
 2
 3
 4
 5
 6
 7
 8
 9
 10
 11
 12
 13
 14
 15
 16
 17
 18
 19
 20
 21
 22
 23
 24
 25
 26
 27
 28
 29
 30
 31
 8601
 8602
 8604
 8606
 8609
 8615
 8616
 8617
 8627
 8628
 12668
 12669
 12670
 12673
 12674
 12675
 12676
 12678
 12679
 12682
 12683
 12684
 12685
 12686
 12687
 12689
 12693
 12696
 12697
 5276052
 13254
 13255
 13256
 13259
 13260
 13266
 13267
 13268
 13269
 13270
 13271
 13272
 13274
 13275
 13276
 13279
 13280
 13282
 8040
 8043
 8044
 8049
 8051
 8052
 8053
 8054
 8056
 8058
 8059
 8060
 8530
 8532
 8533
 8534
 8535
 8536
 8537
 8538
 8539
 8540
 8542
 8544
 8545
 8546
 8547
 8549
 8550
 8553
 8555
 3075
 3080
 3083
 3088
 3091
 3093
 3095
 3096
 3097
 5926
 5927
 5928
 5929
 5930
 5931
 5932
 5933
 5934
 5935
 5936
 5938
 5940
 5941
 5945
 5946
 5947
 5949
 5950
 5951
 5952
 5953
 5954
 13575
 13576
 13578
 13579
 13581
 13582
 13584
 13585
 13586
 13587
 13588
 13589
 13590
 13591
 13592
 13593
 13594
 13595
 13596
 13599
 13600
 13605
 13606
 1
 2
 3
 4
 5
 6
 7
 8
 9
 10
 11
 12
 13
 14
 15
 16
 17
 18
 19
 20
 21
 22
 23
 24
 25
 26
 27
 28
 29
 30
 31
 5033
 5039
 5040
 5043
 5045
 5047
 5048
 7795
 7796
 7800
 7801
 7803
 7808
 7810
 7814
 7817
 7818
 7819
 5276692
 2224
 2225
 2233
 13020
 13021
 13022
 13023
 13024
 13025
 13030
 13031
 13032
 13033
 13034
 13035
 13041
 13044
 13048
 13049
 1
 2
 3
 4
 5
 6
 7
 8
 9
 10
 11
 12
 13
 14
 15
 16
 17
 18
 19
 20
 21
 22
 23
 24
 25
 26
 27
 28
 29
 30
 31
 9506
 9507
 9508
 9509
 9510
 9511
 9512
 9522
 9523
 9524
 9525
 9526
 9527
 9528
 9529
 9530
 9531
 9532
 9533
 9534
 9535
 9536
 9537
 14919
 14922
 14923
 14924
 14926
 14927
 14928
 14929
 14930
 14932
 14933
 14934
 14935
 14936
 14937
 14939
 14940
 14943
 14946
 14948
 14949
 5276081
 1864
 1865
 1867
 1868
 1870
 1871
 1872
 1873
 1874
 1875
 1876
 1878
 1879
 1880
 1881
 1882
 1884
 1885
 1887
 1888
 1889
 1890
 1891
 1892
 1893
 992
 1000
 1004
 1007
 1008
 1010
 1011
 1013
 1015
 1019
 1020
 1022
 14956
 14957
 14958
 14959
 14961
 14962
 14965
 14966
 14967
 14968
 14970
 14972
 14973
 14974
 14975
 14976
 14977
 14978
 14979
 14980
 14981
 14983
 14984
 14985
 14987
 1
 2
 3
 4
 5
 6
 7
 8
 9
 10
 11
 12
 13
 14
 15
 16
 17
 18
 19
 20
 21
 22
 23
 24
 25
 26
 27
 28
 29
 30
 31
 115
 116
 117
 118
 119
 120
 121
 122
 123
 124
 125
 126
 127
 128
 129
 130
 131
 132
 11968
 11969
 11970
 11971
 11972
 11973
 11974
 11975
 11976
 11977
 11978
 11979
 11980
 11981
 11982
 11983
 11984
 11985
 11986
 11987
 11988
 11989
 11990
 11991
 11992
 11993
 11994
 11995
 1
 2
 3
 4
 5
 6
 7
 8
 9
 10
 11
 12
 13
 14
 15
 1371
 1382
 1385
 1386
 1390
 1391
 1396
 1397
 2214
 2215
 2217
 2220
 2221
 2223
 2228
 2229
 2234
 2236
 2241
 1165
 1172
 1175
 1179
 8965
 8968
 8970
 8972
 8975
 8978
 8979
 8980
 8981
 8989
 8993
 3806
 3807
 3808
 3813
 3817
 3818
 3822
 13761
 13762
 13763
 13764
 13765
 13766
 13767
 13768
 13769
 13770
 13772
 13773
 13774
 13775
 13776
 13778
 13779
 13780
 12959
 12962
 12964
 12965
 12966
 12967
 12968
 12969
 12970
 12971
 12973
 12974
 12975
 12980
 12983
 12985
 12986
 12987
 12988
 3473
 12248
 12249
 12251
 12252
 12253
 12255
 12256
 12259
 12260
 12261
 12264
 12266
 12267
 12268
 12269
 12270
 12271
 12272
 12275
 12277
 12278
 12279
 12699
 12703
 13960
 13961
 13962
 13963
 13966
 13970
 13971
 13972
 13975
 13976
 13977
 13979
 13981
 13982
 13983
 13986
 13987
 13988
 13990
 1056
 1057
 1058
 1063
 1065
 1067
 1072
 1075
 1076
 1077
 1085
 12466
 12467
 12468
 12469
 12471
 12473
 12475
 12476
 12479
 12480
 12482
 12483
 12484
 12485
 12486
 12487
 12488
 3791
 3792
 3797
 3799
 3801
 3802
 15717
 15718
 15719
 15720
 15721
 15722
 15724
 15725
 15726
 15727
 15728
 15730
 15732
 15733
 15734
 15735
 15736
 15737
 15738
 15739
 15741
 15742
 15743
 15745
 15746
 15747
 15748
 1145
 1148
 2811
 2817
 2818
 5133
 5135
 6666
 6668
 6105
 6106
 6107
 6108
 6109
 6110
 6111
 6112
 6113
 6114
 6115
 6116
 6117
 6118
 6119
 6120
 6121
 6122
 6123
 6124
 6126
 6127
 6128
 6129
 6130
 6131
 6132
 6133
 15610
 15611
 15612
 15614
 15665
 15666
 15667
 3168
 3173
 3176
 3177
 3180
 3183
 3188
 3191
 2306
 2320
 2321
 2322
 1577
 1578
 2401
 2403
 2407
 2408
 2416
 2422
 2425
 2426
 2429
 15697
 15698
 15699
 15700
 15703
 15704
 15706
 15707
 15708
 15709
 15710
 15711
 15712
 15713
 15714
 15715
 15716
 15749
 15750
 15751
 15752
 15754
 15755
 15756
 15757
 15758
 15759
 15760
 5957
 5959
 5960
 5961
 5962
 5963
 5964
 5965
 5966
 5968
 5972
 7505
 7508
 7511
 7512
 7514
 7515
 7516
 7517
 7518
 7519
 7521
 7522
 15803
 15804
 15805
 15806
 15808
 15809
 15810
 15811
 15812
 15813
 15814
 15815
 15817
 15818
 15819
 15820
 15821
 15822
 15823
 15824
 15825
 15826
 15827
 15828
 15829
 15830
 15831
 15832
 15833
 4943
 4946
 4948
 4949
 4951
 4953
 4957
 12532
 12534
 12541
 12542
 12546
 12551
 12552
 12553
 12556
 12559
 12560
 12561
 15761
 15762
 15763
 15764
 15765
 15766
 15767
 15768
 15769
 15770
 15771
 15772
 15773
 15774
 15775
 3734
 3744
 3745
 3747
 3748
 958
 962
 963
 964
 965
 966
 3389
 3390
 3394
 3395
 3399
 15793
 15794
 15795
 15796
 15797
 15798
 15800
 15801
 1545
 1560
 1454
 1468
 5601
 5602
 5603
 5606
 5607
 5613
 5616
 5617
 5618
 5623
 5624
 5625
 5626
 5627
 5628
 5629
 5630
 5632
 1702
 1704
 1707
 1607
 1608
 1612
 1614
 1620
 1621
 1622
 1724
 1733
 5334
 5335
 5336
 5342
 5344
 5346
 14876
 14877
 14878
 14879
 14880
 14882
 14884
 14886
 14890
 14891
 14894
 14895
 14897
 14902
 14904
 14905
 1583
 1591
 7735
 7739
 7741
 7744
 7745
 7746
 7750
 7753
 7755
 7756
 7757
 7758
 7759
 7760
 7761
 7763
 5688
 5690
 5691
 5694
 5698
 5700
 5701
 5702
 5703
 14767
 6582
 6583
 6584
 6586
 6588
 6589
 6590
 6592
 6596
 15834
 15835
 15836
 15837
 15838
 15839
 15840
 7899
 7911
 7914
 7928
 12007
 12008
 12009
 12010
 12011
 12012
 12013
 12014
 12015
 12016
 12017
 12018
 12019
 12020
 12021
 12022
 12023
 12024
 12025
 12026
 12027
 12028
 12029
 12030
 12031
 12032
 12033
 12034
 12035
 12036
 12037
 12038
 2259
 2263
 2268
 2278
 2283
 2297
 2298
 2311
 2312
 2314
 2924
 2925
 2926
 2932
 2938
 2947
 2949
 15873
 15874
 15875
 15876
 15877
 15878
 15879
 15880
 15882
 15884
 15885
 15887
 15888
 15889
 15890
 15891
 15892
 15893
 15894
 15895
 15896
 15897
 15898
 15899
 15900
 15901
 15902
 15903
 15904
 2486
 2489
 2490
 1647
 1659
 1660
 1661
 1662
 1118
 1026
 1027
 1028
 1030
 1031
 1032
 1034
 1035
 1036
 1037
 1039
 1040
 1041
 1043
 1044
 1045
 1048
 1049
 1050
 1052
 1053
 1054
 4963
 4988
 4989
 4992
 4994
 1767
 1775
 1776
 1781
 1782
 1786
 1791
 1793
 1854
 1855
 1857
 1859
 1860
 1861
 4859
 4860
 4861
 4862
 4870
 14485
 14486
 14487
 14492
 14494
 14501
 14504
 14509
 14510
 14511
 12387
 12388
 12389
 12390
 12391
 12392
 12394
 12395
 12397
 12400
 12401
 12402
 2712
 2725
 2727
 4995
 4996
 4997
 4999
 5000
 5001
 5003
 5006
 5007
 5008
 5009
 5010
 5011
 5012
 5017
 5018
 5021
 5024
 8322
 8323
 8326
 8327
 8328
 8334
 8337
 8338
 8343
 8344
 8345
 8349
 8350
 8351
 8352
 4228046
 2384
 2386
 2389
 2390
 8725
 8726
 8727
 8728
 8729
 8739
 8742
 8746
 8750
 8752
 8753
 8754
 12562
 12564
 12565
 12567
 12568
 12571
 12572
 12575
 12921
 12926
 12928
 12929
 12930
 12931
 12932
 12934
 12937
 12938
 12941
 12942
 12943
 12944
 12945
 12946
 12947
 12949
 12950
 12951
 12952
 13171
 13173
 13174
 13175
 13176
 13177
 13178
 13181
 13183
 13184
 13187
 13188
 13189
 13190
 13191
 13197
 13199
 13200
 13202
 2845
 2847
 2848
 2851
 2853
 2858
 2859
 13095
 13096
 13105
 13106
 13107
 13108
 12953
 12955
 12956
 12958
 8360
 8361
 8363
 8365
 8366
 8371
 8376
 8377
 8382
 8386
 8387
 13337
 13339
 13340
 13341
 13342
 13352
 13353
 13354
 13355
 13356
 13357
 13362
 13368
 8234
 8236
 8237
 8238
 8239
 8240
 8241
 8242
 8245
 8246
 8248
 8249
 8250
 8252
 8256
 8257
 8258
 8263
 8264
 13203
 13205
 13207
 13208
 13209
 13210
 13211
 13214
 13215
 13217
 13219
 13220
 13221
 13223
 13224
 13225
 13227
 13229
 13231
 13233
 13234
 11149
 11150
 11153
 11154
 11157
 11159
 11163
 11165
 11166
 11168
 11169
 11172
 11177
 11179
 11180
 12644
 12645
 12647
 12648
 12649
 12650
 12651
 12652
 12656
 12657
 12660
 12661
 12663
 12664
 14811
 14812
 14813
 14814
 14815
 14817
 14818
 14819
 14820
 14821
 14822
 14823
 14830
 14838
 12715
 12716
 12717
 12718
 12719
 12720
 12727
 12728
 12729
 12730
 12731
 8438
 8439
 8441
 8442
 8443
 8444
 8445
 8446
 8451
 8404
 8406
 8407
 8408
 8412
 8414
 8418
 8419
 6929
 6933
 6934
 6938
 6939
 6940
 6941
 6942
 6943
 6944
 6945
 6946
 6949
 6950
 6952
 6953
 6954
 6955
 6957
 6958
 16464
 16465
 16466
 16467
 16468
 16469
 16470
 16471
 16472
 16473
 16474
 16475
 16476
 16477
 16478
 16479
 16480
 16481
 16482
 16483
 16484
 16485
 16486
 16487
 16488
 16489
 16490
 16491
 16492
 16493
 16494
 16495
 9043
 9044
 9045
 9046
 9047
 9048
 9049
 9051
 9052
 9054
 9057
 9059
 9061
 9067
 9068
 9069
 2954
 2956
 2963
 2965
 2966
 2967
 2968
 2969
 2970
 2971
 2973
 2974
 2981
 6830
 6834
 6838
 6839
 6840
 6841
 6843
 6844
 6845
 6848
 6849
 6854
 6857
 13369
 13370
 13371
 13372
 13373
 13374
 13375
 13376
 13377
 5899
 5901
 5906
 5907
 5908
 5909
 5910
 5913
 5918
 5919
 5922
 5923
 12039
 12040
 12041
 12042
 12043
 12044
 12045
 12046
 12047
 12048
 12049
 12050
 12051
 12052
 12053
 12054
 12055
 12056
 12057
 12058
 12059
 12060
 12061
 12062
 12063
 12064
 12065
 12066
 12067
 12068
 12069
 12070
 13829
 13830
 13831
 13832
 13833
 13837
 13838
 13841
 13842
 13843
 13844
 13845
 13846
 13848
 13849
 13850
 13851
 13852
 13853
 12280
 12281
 12282
 12283
 12286
 12287
 12292
 12293
 12294
 12297
 12298
 12307
 12308
 12309
 12993
 12994
 12998
 13000
 13001
 13003
 13004
 13007
 13009
 13010
 13011
 13012
 13013
 13014
 14158
 14159
 14160
 14165
 14166
 14170
 14173
 14175
 14176
 14177
 14179
 14180
 14182
 14185
 14187
 14188
 7769
 7770
 7771
 7772
 7776
 7777
 7778
 7785
 7557
 7559
 7560
 7562
 7563
 7564
 7565
 7566
 7567
 7568
 7570
 7571
 7572
 7573
 7574
 7575
 7576
 7577
 7581
 7583
 7584
 7585
 8177
 8178
 8180
 8181
 8192
 8193
 8195
 8199
 8201
 8202
 8204
 8206
 8207
 6412
 6413
 6414
 6415
 6416
 6417
 6425
 6427
 6428
 6429
 6434
 6435
 13637
 13638
 13640
 13641
 13643
 13644
 13645
 13646
 13647
 13650
 13651
 13653
 13654
 13657
 13658
 13659
 13661
 13662
 13663
 13665
 6618
 6619
 6620
 6621
 6622
 6624
 6625
 6626
 6627
 6628
 6629
 6630
 6631
 6632
 6633
 6634
 6636
 6637
 6638
 6639
 6640
 6643
 6645
 14128
 14129
 14131
 14132
 14134
 14135
 14136
 14137
 14138
 14140
 14141
 14142
 14144
 14145
 14147
 14148
 14149
 14150
 14151
 14152
 14153
 14154
 14155
 14156
 6029
 6035
 6037
 6038
 6039
 6040
 6041
 6042
 6043
 6045
 6046
 6047
 6048
 6049
 6051
 6052
 6054
 6055
 6056
 6057
 6058
 9379
 9383
 9384
 9385
 9388
 9389
 9390
 9391
 9394
 9398
 8951
 8952
 8954
 8956
 8957
 8958
 8959
 8961
 8964
 8735
 8737
 8743
 8744
 8745
 8748
 8749
 8751
 8755
 8756
 8757
 8758
 8759
 8760
 8761
 8762
 8764
 8765
 976
 8211
 8214
 8217
 8219
 8220
 8221
 8225
 8227
 8229
 8230
 8231
 8232
 8233
 7333
 7334
 7335
 7336
 7337
 7338
 7339
 7340
 7343
 7344
 7345
 7346
 7349
 7350
 7356
 7357
 7358
 7359
 7360
 7361
 7362
 7363
 7364
 6275
 6276
 6277
 6278
 6280
 6286
 6287
 6288
 14032
 14033
 14034
 14035
 14036
 14037
 14038
 14039
 14040
 14041
 14042
 14043
 14044
 14045
 14046
 14047
 14048
 14049
 14052
 14055
 14056
 14058
 9100
 9104
 9105
 9106
 9107
 9108
 9109
 9113
 9114
 9115
 9116
 9117
 9118
 9120
 9122
 9123
 9125
 9127
 9128
 9129
 3695
 3700
 3703
 3706
 3707
 3711
 9193
 9194
 9195
 9197
 9198
 9201
 9202
 9203
 9204
 9205
 9206
 9207
 9208
 9210
 9211
 9212
 9213
 9214
 9215
 9216
 9219
 9220
 8828
 8830
 8834
 8835
 8839
 8840
 8843
 8844
 8846
 8847
 8848
 8849
 8850
 8851
 8853
 8856
 8858
 8859
 2635
 2645
 2646
 2647
 2648
 2651
 2652
 2654
 2656
 2659
 1742
 1743
 1749
 1756
 5295
 5296
 5299
 5300
 5301
 5302
 5304
 5305
 5306
 5307
 5308
 5309
 5310
 5311
 5312
 5313
 5314
 5315
 5317
 5318
 5321
 5325
 8083
 8084
 8085
 8086
 8087
 8088
 8089
 8091
 8093
 8094
 8095
 8096
 8097
 8098
 8099
 8100
 8102
 8103
 8107
 8108
 8113
 13514
 13517
 13518
 13519
 13520
 13521
 13522
 13523
 13524
 13525
 13526
 13527
 13528
 13529
 13530
 13531
 13532
 13533
 13534
 13535
 13536
 13537
 13538
 13539
 7292
 7302
 7303
 7304
 7306
 7307
 13867
 13868
 13869
 13870
 13873
 13877
 13878
 13879
 13880
 13881
 13882
 13883
 13884
 13891
 13892
 11107
 11109
 11110
 11111
 11113
 11114
 11115
 11117
 11118
 11119
 11120
 11121
 11122
 11123
 11124
 11125
 11128
 12299
 12300
 12301
 12302
 12303
 12304
 12305
 12310
 12311
 12314
 12315
 12316
 170
 171
 172
 184
 191
 6487
 6488
 6494
 6502
 6877
 6878
 6879
 6880
 6882
 6883
 6884
 6887
 6889
 6890
 6891
 6898
 6899
 6900
 6901
 6904
 6905
 6906
 12601
 12602
 12603
 12604
 12605
 12617
 12623
 12626
 12627
 5489
 5490
 5491
 5494
 8163
 8166
 8167
 8169
 8172
 8174
 8175
 2901
 2905
 2907
 2909
 2910
 2917
 2919
 12426
 12427
 12431
 12432
 12433
 12434
 12435
 12436
 12438
 12439
 12440
 12442
 12445
 12447
 6699
 6701
 6702
 6704
 6707
 6708
 6710
 6711
 6712
 6713
 6714
 6715
 6716
 6717
 6718
 6719
 6721
 6722
 6723
 6724
 6725
 6726
 6727
 6728
 6729
 6730
 8924
 8927
 8937
 8945
 7650
 7659
 7660
 7662
 7665
 7666
 7667
 7668
 7669
 7674
 7676
 7677
 8121
 8126
 8127
 8130
 8131
 8133
 8134
 8137
 8143
 8144
 8147
 3348
 3349
 3352
 3353
 3355
 3358
 3359
 3362
 3371
 3372
 7076
 7079
 7080
 7082
 7088
 7089
 7365
 7366
 7367
 7368
 7372
 7375
 7376
 7377
 7380
 7381
 7383
 7386
 7387
 7388
 7389
 7390
 7391
 7392
 7395
 14104
 14107
 14109
 14111
 14113
 14114
 14116
 14117
 14118
 14120
 14122
 14123
 14124
 14127
 13298
 13302
 13303
 13308
 13310
 13311
 13314
 13315
 13316
 13317
 13318
 13319
 13320
 13321
 13322
 13323
 13324
 13325
 13327
 13329
 16496
 16497
 16498
 16499
 16500
 16501
 16502
 16503
 16504
 16505
 16506
 16507
 16508
 16509
 16510
 16511
 16512
 16513
 16514
 16515
 16516
 16517
 16518
 16519
 16520
 16521
 16522
 16523
 16524
 16525
 16526
 16527
 6987
 6988
 6990
 6991
 6993
 6995
 6996
 6997
 6998
 7000
 7001
 7002
 7003
 13991
 13992
 13993
 13996
 13997
 13998
 13999
 14000
 14002
 14004
 14005
 14007
 14008
 14009
 14012
 7277
 7278
 7279
 7280
 7282
 7283
 7284
 7285
 14858
 14859
 14864
 14865
 14866
 14867
 14868
 14870
 14874
 5184
 5193
 5194
 5195
 5199
 5200
 5201
 15883
 6137
 6148
 6151
 6154
 6155
 6156
 6157
 6158
 6160
 6161
 6162
 6163
 6164
 6166
 11195
 11197
 11198
 11199
 11201
 11211
 11212
 11214
 11215
 11216
 11222
 11223
 11224
 11225
 1398
 1399
 1400
 1411
 6541
 6544
 13457
 13458
 13459
 13460
 13461
 13462
 13463
 13466
 13467
 13468
 13469
 13471
 13473
 13474
 13476
 13477
 13478
 13479
 13481
 13482
 13483
 13484
 13485
 13486
 13487
 13488
 8324
 8325
 8333
 8336
 8340
 8346
 8347
 8354
 8355
 7321
 7322
 7324
 7326
 7327
 7328
 7330
 7331
 7332
 14907
 14909
 14912
 14913
 14914
 14915
 14950
 14951
 14952
 14953
 14954
 13914
 13917
 13918
 13919
 13920
 13921
 13923
 13924
 13925
 13930
 13931
 13933
 13935
 13936
 13937
 13938
 13939
 13940
 13945
 3632
 3634
 3645
 3646
 3647
 3651
 9348
 9349
 9351
 9352
 9353
 9355
 9356
 9357
 9359
 9361
 9363
 9364
 9367
 9369
 9370
 9371
 9373
 3136
 3137
 3138
 3139
 3140
 3141
 3145
 3150
 3151
 3152
 3153
 3155
 1329
 1344
 1345
 1347
 5070
 5071
 5072
 5073
 5074
 5075
 5076
 5078
 5079
 5080
 5082
 5083
 5094
 8688
 8689
 8690
 8694
 8695
 8698
 8699
 8700
 8701
 8702
 8703
 8704
 8705
 8707
 8708
 8709
 8710
 8711
 8712
 8713
 8714
 8716
 2779
 2780
 2786
 2793
 2794
 2795
 2796
 2803
 2806
 2808
 12569
 12573
 12585
 12598
 12600
 2728
 2729
 2731
 2733
 2737
 2738
 2740
 2743
 15074
 15077
 15078
 15079
 15082
 15084
 15085
 15086
 15087
 15088
 15089
 15090
 15093
 15094
 15095
 15096
 15097
 15099
 8582
 8588
 8589
 8590
 8593
 8597
 8599
 6852
 6855
 9330
 9333
 9335
 9338
 9339
 9340
 9342
 9344
 9346
 9347
 8667
 8670
 8671
 8672
 8673
 8682
 8683
 8684
 8685
 8687
 6755
 6757
 6760
 6761
 6762
 6763
 6764
 6766
 6768
 6769
 6770
 6771
 6772
 6773
 6776
 6783
 6784
 6785
 11075
 11076
 11077
 11091
 11094
 11096
 11099
 11100
 11101
 11102
 11103
 11106
 13410
 13411
 13412
 13413
 13414
 13415
 13416
 13417
 13419
 13421
 13422
 13424
 13426
 13431
 13432
 14330
 14331
 14332
 14333
 14334
 14336
 14337
 14338
 14339
 14340
 14341
 14342
 14343
 14344
 14345
 14346
 14347
 14348
 14349
 14350
 14351
 14352
 14355
 14356
 14357
 14358
 14359
 14360
 14361
 14801
 14804
 14805
 7992
 7994
 7996
 8009
 14385
 14386
 14387
 14388
 14389
 14390
 14391
 14392
 14393
 14394
 14395
 14396
 14397
 14398
 14400
 14401
 14402
 14403
 14405
 14406
 14407
 14408
 14410
 14411
 14412
 14413
 15378
 6060
 6061
 6063
 6064
 6065
 6066
 6067
 6068
 6069
 6070
 6072
 6073
 6075
 6076
 6077
 6078
 13248
 13249
 13251
 13253
 13257
 13258
 13264
 13277
 13278
 9083
 9084
 9085
 9086
 9088
 9089
 9090
 9091
 9094
 9095
 9096
 9097
 9098
 9099
 7915
 7922
 7924
 7929
 7933
 7936
 7941
 7944
 5635
 5636
 12885
 12886
 12887
 12888
 12889
 12890
 12891
 12892
 12894
 12895
 12896
 12897
 12898
 12899
 12900
 12901
 12902
 12903
 12904
 12905
 12906
 12909
 12910
 12911
 12912
 12913
 12914
 2751
 2753
 2760
 2762
 2763
 2764
 2765
 2766
 2767
 2768
 2774
 2781
 2782
 12981
 12989
 12990
 12991
 12992
 12995
 12999
 13006
 5704
 1798
 1801
 1809
 1810
 877
 8860
 8861
 8868
 8869
 8870
 8873
 8874
 8878
 8879
 8880
 8881
 8883
 8887
 7171
 7172
 7173
 7174
 7175
 7176
 7177
 7180
 7182
 7183
 7184
 7185
 7186
 7187
 7189
 7191
 7192
 7193
 7201
 8106
 8109
 8110
 8111
 8117
 8118
 8119
 8120
 8122
 8128
 8129
 7421
 7423
 7424
 7428
 7429
 7430
 7431
 7432
 7433
 7434
 7436
 7437
 7439
 7440
 7441
 7442
 7444
 7447
 7448
 7451
 14658
 14672
 2857
 2865
 2870
 2872
 2878
 2881
 2882
 2883
 2884
 2885
 14274
 14275
 14276
 14278
 14279
 14280
 14281
 14282
 14285
 14287
 14290
 14291
 14293
 14296
 14297
 14298
 14300
 14302
 5532
 5534
 5536
 5545
 5546
 5547
 5548
 13281
 13283
 13284
 13285
 13286
 13287
 13288
 13289
 13290
 13291
 13292
 13293
 13294
 13295
 13296
 13297
 9066
 9070
 9071
 9072
 9074
 9076
 9078
 9079
 9080
 9081
 9082
 3523
 3532
 3535
 3536
 3537
 12404
 12406
 12407
 12408
 12411
 12412
 12413
 12417
 12418
 5570
 5585
 5586
 5587
 5588
 5597
 5599
 5600
 15038
 15048
 15051
 15052
 15053
 15054
 15055
 15057
 15058
 15059
 15061
 15062
 15064
 15065
 15066
 6677
 6678
 6679
 6681
 6682
 8273
 8274
 8276
 8277
 8278
 8279
 8280
 8281
 8282
 8283
 8284
 8285
 8286
 8287
 8289
 8290
 8292
 8293
 8294
 8295
 8296
 8297
 8298
 8299
 8300
 8301
 8302
 8303
 8304
 11181
 11182
 11183
 11184
 11187
 11191
 6732
 6733
 6734
 6735
 6736
 6737
 6738
 6741
 6742
 6743
 6744
 6745
 6746
 6747
 6748
 6750
 6751
 77
 8730
 8732
 8733
 8734
 8736
 8738
 8740
 8741
 306
 12863
 12864
 12865
 12866
 12867
 12868
 12869
 12870
 12871
 12872
 12873
 12874
 12875
 12876
 12877
 12878
 12879
 12880
 12881
 12882
 12883
 12884
 13692
 13694
 13695
 13696
 13697
 13698
 13699
 13700
 13702
 13703
 13704
 13705
 13706
 13707
 13708
 13709
 13710
 13711
 13712
 13713
 13714
 13715
 13716
 13717
 13718
 13720
 13721
 13722
 267
 16528
 16529
 16530
 16531
 16532
 16533
 16534
 16535
 16536
 16537
 16538
 16539
 16540
 16541
 16542
 16543
 16544
 16545
 16546
 16547
 16548
 16549
 16550
 16551
 16552
 16553
 16554
 16555
 16556
 16557
 16558
 16559
 8138
 8153
 8154
 8158
 3611
 3615
 3616
 3617
 3618
 3619
 3620
 3621
 3622
 3625
 3629
 3633
 14013
 14016
 14017
 14018
 14019
 14020
 14021
 14022
 14024
 14025
 14026
 14027
 5263
 5264
 5266
 5267
 5268
 5269
 5270
 5271
 5274
 5276
 5277
 5278
 5279
 5280
 5281
 5282
 5283
 5285
 5286
 5287
 5288
 5289
 5290
 5291
 5293
 7627
 7628
 7629
 7630
 7632
 7634
 7635
 7636
 7639
 7643
 6213
 6223
 6226
 12374
 12377
 8580
 8594
 8081
 8057
 8064
 8065
 8068
 8069
 8070
 8071
 8072
 8073
 8075
 8076
 8077
 8078
 8079
 13052
 13053
 13055
 13057
 13059
 7807
 7809
 7812
 7813
 7816
 7821
 7822
 7823
 7825
 7828
 7829
 7830
 7831
 7832
 7834
 7835
 7837
 9221
 9222
 9223
 9225
 9226
 9227
 9229
 9230
 9232
 9233
 9234
 9235
 9236
 9237
 9238
 9239
 9240
 7906
 7907
 7912
 8998
 8999
 9000
 9001
 9002
 9003
 9004
 9005
 9006
 3192
 3203
 3206
 3217
 3218
 1204
 1205
 1209
 1212
 1215
 1218
 1219
 1220
 1221
 7012
 7024
 7025
 7026
 7030
 7031
 7032
 7033
 7034
 7035
 7036
 7037
 13553
 13554
 13555
 13557
 13560
 13561
 13562
 13563
 13565
 13566
 13567
 13569
 13571
 13572
 8892
 8898
 8903
 8904
 8905
 8906
 8907
 9017
 9022
 9024
 9025
 9026
 9032
 9033
 9034
 9036
 9037
 9038
 9039
 9040
 9041
 9042
 3635
 3636
 3638
 3641
 14988
 14989
 14990
 14991
 14992
 14996
 15067
 15069
 15070
 15071
 15072
 15073
 15075
 15076
 9399
 9401
 9402
 9405
 9406
 9409
 9410
 9411
 9412
 9413
 9414
 6956
 6960
 6961
 6962
 6963
 6964
 6965
 6966
 6968
 6969
 6970
 8061
 8062
 8066
 8067
 5967
 5969
 5973
 5974
 5975
 5976
 5979
 5980
 5981
 5982
 5983
 5984
 5985
 5986
 5987
 5988
 15113
 15114
 15115
 15116
 15117
 15118
 15119
 15120
 15122
 15124
 15126
 15129
 15130
 15131
 15132
 15133
 15140
 15142
 9126
 9130
 9131
 9132
 9133
 9134
 9135
 9136
 9137
 9138
 9139
 9140
 9141
 3482
 3483
 3491
 3498
 3499
 3500
 5044
 5049
 5050
 5051
 5053
 5059
 5060
 5061
 5062
 5066
 5068
 5069
 9142
 9143
 9145
 9146
 9147
 9149
 9150
 9151
 9152
 9153
 9154
 9155
 9156
 9157
 9158
 9160
 9161
 9162
 9163
 9164
 9165
 9166
 9167
 9168
 9170
 9171
 9172
 9281
 9283
 9285
 9286
 9287
 9289
 9290
 9291
 9292
 9293
 9294
 9295
 9296
 9299
 9301
 9302
 9303
 9305
 9306
 9309
 9310
 9311
 7452
 7454
 7455
 7456
 7457
 7458
 7461
 7462
 7463
 7464
 7465
 7467
 7468
 7471
 7472
 7473
 7474
 7475
 7476
 7477
 7478
 7480
 7481
 7482
 7491
 7494
 7495
 7496
 7498
 7501
 7503
 7504
 7506
 7507
 7509
 7510
 7520
 6534
 6536
 6537
 6539
 6540
 6545
 6547
 9169
 9173
 9174
 9175
 9176
 9177
 9178
 9179
 9180
 9183
 9184
 9185
 9186
 9188
 9189
 7706
 7708
 7709
 7715
 7720
 7721
 7722
 7725
 7726
 7727
 7728
 7729
 7731
 7733
 7734
 7313
 7314
 7315
 7317
 7318
 7319
 7320
 7329
 6453
 6455
 6465
 6466
 6473
 6477
 6478
 13608
 13609
 13610
 13611
 13612
 13613
 13614
 13615
 13616
 13617
 13618
 13619
 13620
 13621
 13623
 13624
 13625
 12378
 12380
 12381
 12385
 12393
 9168
 13212
 7188
 12
 11
 15753
 8
 7
 26
 25
 2
 13232
 7635
 14
 13
 5289
 6223
 7634
 8594
 8580
 8078
 12
 11
 5288
 8077
 8076
 24
 17
 16
 5277104
 8075
 9171
 29
 28
 3698
 3697
 3696
 3694
 3692
 16182
 16181
 3691
 18
 17
 3690
 3688
 31
 30
 29
 8072
 6226
 6389
 16
 15
 9170
 14
 13
 6808
 10
 9
 8073
 5775767
 5775766
 5277113
 30
 29
 8065
 8064
 28
 27
 6388
 15731
 15729
 5293
 26
 25
 5063
 24
 23
 22
 1883
 5287
 24
 23
 15744
 3705
 3702
 3699
 22
 21
 15740
 20
 19
 1
 31
 30
 14938
 28
 27
 10
 9
 6387
 6377
 6386
 8
 7
 23
 22
 21
 20
 7825
 27
 26
 25
 24
 7627
 5286
 8428
 8426
 7628
 5290
 8424
 8071
 8070
 8069
 8068
 5767223
 5767222
 2472
 2462
 6145
 12
 5276398
 2488
 2487
 7629
 5277103
 2484
 2483
 2482
 2481
 2480
 7630
 8057
 2479
 2477
 2476
 2475
 7632
 13055
 13057
 13218
 7816
 6385
 8081
 6383
 30
 29
 21
 5134
 12867
 4966
 4965
 4959
 1094
 4964
 4961
 4960
 12
 5493
 14545
 16553
 16552
 13705
 16406
 2571
 14309
 14307
 2616
 2613
 2612
 5746
 13043
 6459
 16112
 16180
 16179
 16113
 16114
 13265
 5565
 2
 14949
 14948
 27
 8611
 12498
 5231
 28
 13108
 13107
 15760
 12405
 6122
 17
 999
 6469
 3
 2885
 16491
 1356
 14481
 2329
 9
 5842
 5840
 8
 8347
 6
 5206
 5501
 16145
 5075
 13618
 12310
 16482
 3570
 3752
 4437
 4436
 6241
 5882
 5207
 2565
 103
 102
 6327
 12440
 9173
 25
 7
 12
 2884
 23158830712
 12601
 5078
 2602
 2601
 2600
 4879
 8392
 8391
 5851
 5848
 6991
 4429
 4428
 4427
 1731
 1727
 5762
 1725
 15129
 1722
 1721
 5
 2781
 9008
 7192
 23158830716
 14879
 15224
 15126
 5761
 1362
 16489
 16483
 14
 2569
 12379
 5
 9049
 2801
 2568
 5311
 9010
 23158830709
 5076
 12401
 1131
 17
 5713
 4426
 15365
 3094
 15364
 1137
 15215
 3642
 15124
 5759
 2
 8066
 5620
 11
 2
 1
 14982
 10
 1640
 626
 4842
 16400
 6579
 6578
 14900
 14899
 5210
 2768
 13005
 16430
 9178
 12
 16
 15
 5278616
 8062
 3275
 10852
 12663
 3432
 3430
 2774
 8987
 11
 8982
 15
 8111
 20
 3092
 15363
 445
 8278
 3
 8277
 1522
 14467
 5277811
 1488
 7421
 5758
 640
 14480
 15122
 15219
 6973
 9409
 10
 8569
 6546
 15071
 12
 2792
 784
 782
 7090
 16212
 23158830707
 5
 224
 9155
 9154
 14493
 14490
 9534
 9533
 3081
 15218
 3079
 14595
 13947
 13948
 13949
 13950
 13951
 13955
 13956
 13957
 13958
 13964
 13965
 13968
 6285
 6289
 6291
 6292
 6293
 6294
 6295
 6297
 423
 6593
 6594
 6598
 6611
 6612
 6433
 6437
 6438
 6442
 6443
 6447
 6448
 6451
 6452
 1417
 1418
 1423
 1424
 1425
 1426
 1428
 1430
 1431
 1432
 1433
 1434
 1436
 1437
 1438
 8768
 8770
 8772
 8773
 8774
 8780
 8785
 8786
 8790
 8793
 8795
 8796
 8797
 8799
 7786
 7789
 7791
 7792
 7793
 7794
 7804
 7805
 6168
 6169
 6171
 6172
 6173
 6174
 6175
 6176
 6180
 6181
 6182
 6184
 6185
 6186
 6190
 8679
 16560
 16561
 16562
 16563
 16564
 16565
 16566
 16567
 16568
 16569
 16570
 16571
 16572
 16573
 16574
 16575
 16576
 16577
 16578
 16579
 16580
 16581
 16582
 16583
 16584
 16585
 16586
 16587
 16588
 16589
 16590
 16591
 7824
 7833
 7836
 7838
 7839
 6871
 6872
 6873
 6875
 6876
 6881
 7048
 7049
 7054
 7060
 7062
 7063
 7064
 7072
 7073
 7074
 14208
 14210
 14211
 14213
 14214
 14215
 14219
 14220
 14221
 14223
 14224
 14225
 14226
 14227
 14228
 14229
 14230
 14231
 14232
 14233
 14234
 14235
 14236
 14237
 14238
 13723
 13724
 13725
 13726
 13727
 13730
 13731
 13732
 13733
 13735
 13736
 13737
 13738
 13739
 13740
 13741
 12543
 12550
 12554
 12557
 12558
 12563
 12566
 12583
 7591
 7592
 7593
 7594
 7596
 7597
 7598
 7600
 7601
 7602
 7603
 7604
 7605
 7610
 7612
 7613
 7614
 7615
 7616
 7618
 7619
 7620
 14414
 14415
 14416
 14417
 14423
 14424
 14425
 3630
 3637
 3648
 14072
 14074
 14079
 14080
 14081
 14084
 14085
 14086
 14088
 14089
 14091
 14092
 14094
 14095
 14096
 15163
 15164
 15165
 15166
 15167
 15168
 15169
 15173
 15175
 15176
 15177
 15178
 15179
 15180
 15181
 15182
 15183
 12441
 12444
 12446
 12448
 12452
 12455
 12456
 12457
 12459
 12463
 49
 9312
 9317
 9318
 9319
 9320
 9322
 9323
 9324
 9325
 9326
 9328
 9329
 9332
 7853
 7855
 7856
 7858
 7859
 7860
 7861
 7862
 7863
 7864
 7866
 7868
 7869
 7870
 7877
 7880
 7884
 11126
 11136
 11137
 11138
 11139
 11141
 11143
 11144
 11146
 11148
 6774
 6775
 6777
 6778
 6779
 6780
 6781
 6782
 6786
 6787
 6788
 6789
 6790
 6792
 6793
 6795
 6796
 14312
 14313
 14314
 14317
 14319
 14320
 14321
 14322
 14323
 14324
 14325
 14327
 14329
 13854
 13855
 13858
 13859
 13860
 13861
 13863
 13864
 2745
 2747
 2748
 14362
 14363
 14364
 14365
 14366
 14369
 14370
 14371
 14372
 14373
 14375
 14377
 14379
 14380
 14920
 14921
 8876
 8882
 8884
 8885
 8890
 8899
 15100
 15101
 15105
 15106
 15107
 15108
 15109
 15110
 15111
 15112
 13080
 13083
 13084
 13090
 13091
 13094
 13097
 13098
 13099
 13100
 13101
 13112
 13113
 13114
 13116
 13117
 13118
 13119
 13121
 13122
 13123
 13125
 13126
 13128
 13129
 13130
 13131
 6548
 6552
 6553
 6554
 6558
 6560
 6561
 6564
 8642
 8647
 8650
 8651
 8652
 8653
 8656
 8658
 8660
 6694
 6695
 6696
 6697
 12501
 12502
 12503
 12504
 12505
 12508
 12510
 12511
 12512
 12514
 12515
 12517
 12519
 12521
 12526
 12529
 3730
 7621
 7623
 7624
 7625
 7626
 7638
 8807
 8811
 8812
 8813
 8814
 8815
 8818
 8822
 8823
 8825
 12917
 12918
 12919
 12925
 12933
 12939
 12940
 12338
 12344
 12345
 12346
 12347
 12348
 12352
 12353
 12354
 12355
 11173
 11178
 11190
 11193
 6797
 6803
 6804
 6805
 6806
 6807
 6817
 6819
 14184
 14186
 14189
 14191
 14192
 14197
 14198
 14199
 14200
 14201
 5921
 5925
 5989
 5990
 5992
 5993
 5994
 5995
 5996
 5997
 5998
 5999
 6007
 13235
 13237
 13239
 13240
 13241
 13243
 13244
 13245
 13246
 13247
 7483
 7484
 7485
 7486
 7487
 7488
 7489
 7490
 9055
 9058
 14631
 14632
 14633
 1835
 1839
 1840
 1841
 1842
 1847
 1849
 14513
 14514
 14518
 14519
 14522
 14526
 14527
 14528
 11218
 11221
 11226
 11230
 11231
 11232
 11233
 11234
 11236
 11237
 11238
 11239
 11240
 11241
 16592
 16593
 16594
 16595
 16596
 16597
 16598
 16599
 16600
 16601
 16602
 16603
 16604
 16605
 16606
 16607
 16608
 16609
 16610
 16611
 16612
 16613
 16614
 16615
 16616
 16617
 16618
 16619
 16620
 16621
 16622
 16623
 7654
 7661
 947
 990
 14541
 14547
 14551
 14555
 14557
 2816
 2819
 2820
 2822
 2824
 2828
 2831
 2832
 2833
 5027
 5028
 5029
 5030
 5031
 5032
 5034
 5036
 5041
 5042
 1599
 1601
 1211
 6577
 7086
 7098
 7099
 3344
 3347
 3357
 3361
 7252
 7253
 7254
 7256
 7257
 7258
 7259
 7260
 7261
 7262
 7263
 7264
 7265
 7268
 7270
 7271
 7272
 15002
 15004
 15011
 15014
 15016
 15017
 15018
 15021
 11328
 11329
 11330
 11331
 11332
 11333
 11334
 11335
 11336
 11344
 11345
 11346
 11347
 11348
 11349
 11350
 11351
 11352
 11353
 11354
 11355
 11356
 11357
 11358
 11359
 14839
 14840
 14843
 14848
 14849
 14850
 14851
 14852
 14853
 14854
 14855
 7152
 7153
 7154
 7155
 7156
 7157
 7158
 7159
 7162
 7163
 7164
 7165
 7167
 7168
 7181
 8613
 8614
 8622
 8625
 8629
 13505
 1489
 1497
 1502
 1504
 7224
 7225
 7226
 7228
 7230
 7231
 7232
 7235
 7236
 7238
 7241
 7242
 7243
 7244
 7245
 7246
 7247
 7248
 7249
 7250
 7251
 2433
 2434
 2435
 2436
 2437
 2439
 2442
 7946
 7947
 7949
 7950
 7955
 7956
 7961
 8244
 8247
 8251
 8255
 8259
 16624
 16625
 16626
 16627
 16628
 16629
 16630
 16631
 16632
 16633
 16634
 16635
 16636
 16637
 16638
 16639
 16640
 16641
 16642
 16643
 16644
 16645
 16646
 16647
 16648
 16649
 16650
 16651
 16652
 16653
 16654
 16655
 14257
 14260
 14264
 14268
 14270
 14271
 14272
 14273
 9092
 14245
 14252
 14254
 7840
 7844
 7845
 7846
 7847
 7848
 7850
 7852
 3286
 3295
 3296
 12984
 12996
 13015
 6050
 6053
 6062
 6071
 6074
 41
 45
 46
 51
 52
 57
 58
 70
 71
 2804
 2809
 2815
 34269199516
 22928219373
 22928219371
 34359738365
 448
 38
 34269197919
 34359738364
 251
 22928223254
 22928223247
 22928222806
 22928223251
 22928222841
 22928223245
 22928223241
 22928222804
 22928223236
 22928223250
 22928222813
 22928219375
 259
 22928219372
 22928223242
 22928223180
 110
 111
 112
 113
 114
 116
 117
 118
 119
 120
 121
 123
 125
 127
 128
 130
 133
 134
 135
 136
 137
 138
 139
 140
 1513
 22928223252
 78
 79
 85
 88
 89
 93
 94
 95
 96
 97
 101
 108
 42
 43
 45
 47
 48
 49
 50
 51
 52
 55
 56
 58
 60
 61
 62
 63
 64
 65
 66
 67
 68
 69
 70
 71
 72
 73
 34269197918
 22928223197
 22928223244
 22928223237
 22928223231
 22928223226
 22928223246
 141
 142
 143
 144
 145
 146
 147
 148
 149
 150
 151
 152
 153
 154
 155
 156
 158
 165
 166
 167
 449
 104
 105
 106
 107
 108
 109
 112
 113
 114
 115
 116
 117
 118
 120
 128
 129
 135
 5767781
 5767776
 5767777
 5767778
 5767779
 5767780
 5767782
 5767783
 5767784
 5767785
 5767786
 5767787
 5767788
 5767789
 5767790
 5767791
 5767792
 5767793
 5767794
 5767795
 5767796
 5767797
 5767798
 5767799
 5767800
 5767801
 5767802
 5767803
 5767804
 5767805
 5767806
 5767807
 5767808
 1
 2
 3
 34359738366
 1
 2
 3
 4
 5
 6
 7
 8
 9
 10
 11
 12
 13
 14
 15
 16
 2784
 2787
 2789
 15
 22
 23
 24
 25
 26
 27
 28
 29
 30
 31
 32
 33
 34
 35
 36
 37
 38
 39
 40
 41
 42
 43
 44
 38
 4
 5
 6
 7
 8
 9
 10
 11
 12
 13
 14
 15
 16
 17
 18
 19
 21
 37
 34335770990
 12
 34335770986
 34359738365
 1
 2
 3
 4
 5
 6
 7
 8
 9
 10
 11
 12
 13
 14
 15
 16
 17
 18
 19
 20
 21
 22
 1
 2
 3
 27
 28
 29
 30
 31
 34
 35
 36
 37
 38
 39
 40
 41
 42
 43
 43
 42
 1
 2
 3
 4
 5
 6
 7
 8
 9
 10
 7
 6
 34335770987
 1
 2
 3
 433
 434
 435
 436
 437
 438
 439
 440
 441
 442
 443
 444
 445
 446
 447
 448
 449
 450
 451
 452
 453
 454
 455
 456
 457
 458
 459
 460
 461
 462
 463
 464
 449
 447
 6
 7
 8
 9
 10
 11
 12
 13
 14
 15
 16
 17
 18
 19
 20
 21
 22
 23
 24
 25
 26
 27
 28
 29
 30
 33
 34
 35
 36
 37
 1
 2
 3
 9
 10
 11
 12
 13
 15
 17
 19
 20
 21
 22
 23
 24
 25
 26
 27
 28
 29
 30
 31
 32
 33
 34
 35
 36
 25
 24
 4
 5
 6
 7
 8
 34335770961
 34335770962
 444
 445
 446
 39
 40
 41
 448
 4
 5
 171
 173
 174
 175
 176
 177
 178
 179
 180
 182
 183
 184
 185
 186
 187
 188
 189
 190
 191
 192
 193
 194
 195
 196
 197
 198
 199
 200
 201
 202
 377
 378
 379
 380
 381
 382
 384
 385
 389
 390
 391
 392
 393
 394
 395
 396
 397
 398
 399
 400
 401
 402
 403
 404
 405
 406
 407
 408
 309
 310
 311
 312
 313
 314
 315
 316
 317
 318
 319
 320
 321
 322
 323
 325
 326
 327
 328
 329
 330
 331
 332
 333
 334
 335
 336
 337
 338
 339
 340
 136
 137
 138
 146
 147
 148
 149
 150
 152
 153
 154
 155
 156
 157
 158
 159
 161
 162
 39
 4
 5
 6
 7
 8
 9
 10
 11
 12
 14
 15
 16
 17
 18
 22
 24
 25
 26
 40
 41
 34335768396
 34335769362
 34335769360
 34335769359
 249
 250
 254
 255
 256
 258
 259
 260
 261
 262
 263
 265
 266
 267
 268
 269
 270
 271
 272
 273
 274
 275
 276
 163
 164
 165
 166
 167
 168
 169
 170
 354
 355
 356
 357
 358
 359
 360
 361
 362
 363
 364
 365
 366
 367
 368
 369
 370
 371
 373
 374
 375
 376
 203
 206
 207
 208
 209
 210
 211
 212
 213
 214
 215
 216
 217
 218
 219
 220
 221
 409
 410
 411
 412
 413
 414
 415
 416
 417
 418
 419
 420
 421
 422
 423
 424
 425
 426
 427
 428
 429
 430
 431
 432
 22998753728
 1
 2
 3
 4
 5
 6
 7
 8
 9
 10
 11
 12
 13
 14
 15
 16
 17
 18
 19
 20
 21
 22
 23
 24
 25
 26
 27
 28
 29
 30
 31
 32
 33
 34
 35
 36
 37
 41
 42
 43
 45
 46
 47
 48
 49
 50
 51
 52
 53
 54
 55
 56
 57
 58
 59
 60
 61
 62
 63
 74
 75
 76
 77
 78
 79
 80
 81
 82
 83
 84
 85
 86
 87
 88
 89
 90
 91
 92
 93
 94
 95
 96
 97
 98
 99
 100
 101
 102
 103
 104
 105
 405
 406
 407
 408
 409
 410
 411
 412
 413
 414
 415
 416
 417
 418
 419
 420
 421
 422
 423
 424
 425
 426
 427
 428
 429
 430
 431
 432
 433
 434
 435
 436
 106
 107
 108
 109
 110
 111
 112
 113
 114
 115
 116
 117
 118
 119
 120
 121
 122
 123
 124
 125
 126
 127
 128
 129
 130
 131
 132
 133
 350
 351
 352
 353
 354
 355
 356
 357
 358
 359
 360
 361
 362
 363
 364
 365
 366
 367
 368
 369
 370
 371
 372
 373
 374
 375
 376
 377
 378
 379
 380
 381
 22998753729
 222
 223
 224
 225
 226
 227
 228
 229
 230
 231
 232
 233
 234
 235
 236
 237
 238
 239
 240
 241
 242
 243
 244
 245
 246
 13
 22998753730
 1
 2
 3
 4
 5
 6
 1
 2
 3
 4
 5
 6
 7
 8
 9
 10
 11
 12
 13
 14
 15
 16
 17
 18
 19
 20
 21
 22
 23
 24
 25
 26
 27
 28
 29
 30
 31
 32
 33
 34
 35
 36
 37
 38
 39
 40
 41
 42
 43
 44
 45
 46
 47
 48
 49
 50
 51
 52
 53
 15185
 15186
 15188
 15189
 15194
 15195
 15196
 15197
 15198
 15199
 15200
 15201
 15202
 15203
 15204
 15205
 15206
 15207
 15208
 15209
 15210
 15211
 15212
 54
 55
 56
 13744
 13753
 13754
 13756
 57
 58
 7039
 7043
 7044
 7045
 7046
 7047
 7050
