 13999
 14000
 14001
 14002
 14006
 3730
 935
 937
 941
 845
 3385
 3386
 14381
 14394
 14395
 14396
 14196
 14197
 14198
 14202
 14203
 14204
 14208
 14209
 14210
 14211
 14212
 14213
 14214
 14216
 3874
 3886
 3888
 15881
 15882
 15883
 15884
 15885
 15886
 15887
 15888
 15889
 15891
 15892
 15893
 15894
 15895
 15896
 11661
 11667
 11668
 11669
 11670
 11672
 11673
 11674
 11676
 11677
 11678
 11679
 11680
 11681
 11682
 11683
 11684
 11685
 11686
 5449
 5450
 5452
 5453
 5454
 5455
 5456
 5457
 8126
 8127
 8131
 8133
 8136
 5339
 14397
 14398
 14399
 14400
 14401
 14404
 14405
 14406
 14407
 14408
 8282
 8287
 8289
 2544
 2545
 2547
 2548
 2549
 2550
 2551
 2552
 2392
 17732
 17733
 17734
 17735
 17736
 17737
 17738
 17739
 17740
 17741
 17742
 17743
 17744
 17745
 17746
 17747
 17748
 17749
 17750
 17751
 17752
 17753
 17754
 17755
 17756
 17757
 17758
 17759
 17760
 17761
 17762
 17763
 16922
 16923
 16924
 16925
 16927
 16929
 16931
 16932
 16933
 16934
 16935
 16936
 13414
 13415
 13416
 13417
 13418
 15628
 9234
 9235
 9236
 9237
 9238
 9239
 9240
 9241
 9242
 9243
 9244
 9245
 9246
 9247
 9248
 9249
 11768
 11769
 11770
 11771
 11772
 11773
 11774
 11775
 11776
 2824
 2834
 6932
 6933
 6934
 7553
 7554
 7555
 7556
 7557
 7559
 7560
 2576
 11477
 11478
 7320
 7321
 7322
 7323
 16800
 16801
 5011
 5012
 5013
 5014
 5015
 5016
 5017
 5018
 5019
 5020
 5021
 5022
 5023
 5024
 5025
 5026
 5027
 5028
 5030
 5031
 5504
 6748
 6749
 6750
 6751
 6753
 6754
 6755
 6756
 6757
 6758
 6759
 6760
 6761
 5105
 5106
 5107
 5108
 5109
 5110
 5112
 5114
 5115
 5116
 5117
 5118
 5129
 8305
 6535
 6536
 6537
 6538
 6539
 6540
 6541
 11587
 11588
 11363
 11364
 11365
 11366
 11367
 11368
 11369
 11370
 11371
 11372
 11373
 11374
 11375
 11376
 11377
 11378
 11379
 11380
 5657
 6130
 17764
 17765
 17766
 17767
 17768
 17769
 17770
 17771
 17772
 17773
 17774
 17775
 17776
 17777
 17778
 17779
 17780
 17781
 17782
 17783
 17784
 17785
 17786
 17787
 17788
 17789
 17790
 17791
 17792
 17793
 17794
 17795
 8234
 8237
 8239
 8242
 8243
 8244
 8245
 8246
 8247
 5827
 5828
 5829
 5830
 5831
 5832
 5833
 14345
 14346
 14347
 14348
 14350
 14351
 16529
 16538
 16539
 16540
 16541
 16542
 16543
 17271
 17272
 17287
 13140
 13141
 13142
 13143
 13144
 13145
 13146
 13147
 13148
 13149
 13150
 13151
 13152
 13153
 13154
 13155
 8185
 8186
 8188
 8189
 8190
 8191
 8443
 8444
 8445
 8446
 8447
 8451
 8452
 8455
 8456
 6421
 6422
 6423
 6424
 6425
 6426
 6427
 6428
 6429
 6430
 6431
 6432
 9847
 9848
 9849
 9850
 9851
 9852
 9853
 9854
 9855
 9856
 9857
 9858
 9859
 9860
 9861
 9862
 9863
 9864
 9865
 9866
 9867
 9868
 9869
 9870
 9871
 9872
 9873
 9874
 9875
 9876
 9877
 9878
 17796
 17797
 17798
 17799
 17800
 17801
 17802
 17803
 17804
 17805
 17806
 17807
 17808
 17809
 17810
 17811
 17812
 17813
 17814
 17815
 17816
 17817
 17818
 17819
 17820
 17821
 17822
 17823
 17824
 17825
 17826
 17827
 11180
 11181
 11182
 11183
 11184
 11185
 11186
 11187
 11188
 11189
 11190
 11191
 11192
 11193
 11194
 11195
 11196
 11197
 11198
 11199
 11200
 11201
 11202
 11203
 11204
 11205
 11206
 11207
 11208
 11209
 11210
 11211
 12260
 12261
 12262
 12263
 12264
 12265
 12266
 12267
 12268
 12269
 12270
 12271
 12272
 12273
 12274
 12275
 12276
 12277
 12278
 12279
 12280
 12281
 12282
 12283
 12284
 12285
 12286
 12287
 12288
 12289
 12290
 12291
 10847
 10848
 10849
 10850
 10851
 10852
 10853
 10854
 10855
 10856
 10857
 10858
 10859
 10860
 10861
 10862
 10863
 10864
 10865
 10866
 10867
 10868
 10869
 10870
 10871
 10872
 10873
 10874
 10875
 10876
 10877
 10878
 11927
 11928
 11929
 11930
 11931
 11932
 11933
 11934
 11935
 11936
 11937
 11938
 11939
 11940
 11941
 11942
 11943
 11944
 11945
 11946
 11947
 11948
 11949
 11950
 11951
 11952
 11953
 11954
 11955
 11956
 11957
 11958
 1467
 1663
 1675
 16049
 10514
 10515
 10516
 10517
 10518
 10519
 10520
 10521
 10522
 10523
 10524
 10525
 10526
 10527
 10528
 10529
 10530
 10531
 10532
 10533
 10534
 10535
 10536
 10537
 10538
 10539
 10540
 10541
 10542
 10543
 10544
 10545
 16089
 16090
 16092
 16094
 16095
 16096
 16097
 16100
 16101
 16102
 16103
 16104
 273
 15303
 15304
 15305
 15306
 3597
 13086
 13087
 13088
 13089
 2984
 7866
 7880
 3188
 3190
 3191
 3192
 3198
 3204
 3209
 17828
 17829
 17830
 17831
 17832
 17833
 17834
 17835
 17836
 17837
 17838
 17839
 17840
 17841
 17842
 17843
 17844
 17845
 17846
 17847
 17848
 17849
 17850
 17851
 17852
 17853
 17854
 17855
 17856
 17857
 17858
 17859
 16761
 16762
 16763
 16764
 16765
 16766
 16767
 9552
 12594
 12595
 12596
 12597
 12598
 12599
 12600
 12601
 12602
 12603
 12604
 12605
 12606
 12607
 12608
 12609
 12610
 12611
 12612
 12613
 12614
 12615
 12616
 12617
 12618
 12619
 12620
 12621
 12622
 12623
 12624
 12625
 16593
 16594
 16595
 16596
 16597
 16598
 16599
 16600
 16601
 16602
 16603
 16604
 16605
 16606
 16607
 11746
 11747
 11748
 11749
 13371
 997
 5174
 5178
 5179
 5183
 5184
 5192
 16256
 16257
 16258
 16259
 16260
 1610
 17860
 17861
 17862
 17863
 17864
 17865
 17866
 17867
 17868
 17869
 17870
 17871
 17872
 17873
 17874
 17875
 17876
 17877
 17878
 17879
 17880
 17881
 17882
 17883
 17884
 17885
 17886
 17887
 17888
 17889
 17890
 17891
 16393
 16405
 16406
 6574
 17328
 5478
 2498
 2499
 2500
 2504
 2509
 2510
 2511
 2512
 2513
 2515
 2607
 2608
 8091
 8093
 8095
 8097
 8098
 8099
 8104
 14545
 17892
 17893
 17894
 17895
 17896
 17897
 17898
 17899
 17900
 17901
 17902
 17903
 17904
 17905
 17906
 17907
 17908
 17909
 17910
 17911
 17912
 17913
 17914
 17915
 17916
 17917
 17918
 17919
 17920
 17921
 17922
 17923
 9251
 9253
 9255
 9256
 9257
 9258
 14189
 7265
 7266
 7727
 3466
 3468
 3469
 3470
 13178
 13179
 13180
 13181
 13182
 13183
 13184
 13185
 3228
 3232
 2451
 7006
 7007
 7008
 7009
 7010
 7011
 7012
 7013
 7014
 7015
 7016
 7017
 8412
 8418
 17924
 17925
 17926
 17927
 17928
 17929
 17930
 17931
 17932
 17933
 17934
 17935
 17936
 17937
 17938
 17939
 17940
 17941
 17942
 17943
 17944
 17945
 17946
 17947
 17948
 17949
 17950
 17951
 17952
 17953
 17954
 17955
 4689
 4704
 4705
 4706
 4707
 4708
 4709
 4710
 4711
 4712
 4713
 4714
 4715
 4716
 4717
 4718
 4719
 4720
 14470
 7370
 17292
 17303
 17306
 17308
 17313
 13732
 5146
 5158
 3686
 3689
 8055
 8068
 16739
 16753
 7760
 7761
 7774
 6081
 6086
 16137
 8361
 8362
 7097
 7098
 7099
 7100
 7101
 7102
 7103
 7104
 7105
 7106
 7108
 7110
 17956
 17957
 17958
 17959
 17960
 17961
 17962
 17963
 17964
 17965
 17966
 17967
 17968
 17969
 17970
 17971
 17972
 17973
 17974
 17975
 17976
 17977
 17978
 17979
 17980
 17981
 17982
 17983
 17984
 17985
 17986
 17987
 14626
 14634
 14635
 14636
 14637
 17380
 17384
 17395
 17402
 17408
 13434
 1726
 5617
 9636
 9637
 9638
 9640
 9641
 7823
 7829
 13641
 13643
 13645
 13646
 13647
 13648
 13649
 13650
 13651
 13652
 13653
 13654
 1800
 1808
 17988
 17989
 17990
 17991
 17992
 17993
 17994
 17995
 17996
 17997
 17998
 17999
 18000
 18001
 18002
 18003
 18004
 18005
 18006
 18007
 18008
 18009
 18010
 18011
 18012
 18013
 18014
 18015
 18016
 18017
 18018
 18019
 4721
 4722
 4723
 4724
 4725
 4726
 4727
 4728
 4729
 4730
 4731
 4732
 4733
 4734
 4735
 4736
 4737
 4738
 4739
 4740
 4741
 4742
 4743
 4744
 4745
 4746
 4747
 4748
 4749
 4750
 4751
 4752
 8753
 8754
 8765
 6345
 18020
 18021
 18022
 18023
 18024
 18025
 18026
 18027
 18028
 18029
 18030
 18031
 18032
 18033
 18034
 18035
 18036
 18037
 18038
 18039
 18040
 18041
 18042
 18043
 18044
 18045
 18046
 18047
 18048
 18049
 18050
 18051
 13521
 10186
 10187
 10188
 10189
 10190
 10191
 10192
 10193
 10194
 10195
 10196
 10197
 10198
 10199
 10200
 10201
 10202
 10203
 10204
 10205
 10206
 10207
 10208
 10209
 10210
 10211
 10212
 10213
 10214
 10215
 10216
 10217
 2516
 2517
 2518
 2519
 2520
 9352
 14746
 15198
 18052
 18053
 18054
 18055
 18056
 18057
 18058
 18059
 18060
 18061
 18062
 18063
 18064
 18065
 18066
 18067
 18068
 18069
 18070
 18071
 18072
 18073
 18074
 18075
 18076
 18077
 18078
 18079
 18080
 18081
 18082
 18083
 4235363
 8206
 5409
 18084
 18085
 18086
 18087
 18088
 18089
 18090
 18091
 18092
 18093
 18094
 18095
 18096
 18097
 18098
 18099
 18100
 18101
 18102
 18103
 18104
 18105
 18106
 18107
 18108
 18109
 18110
 18111
 18112
 18113
 18114
 18115
 15163
 15165
 15166
 15167
 15168
 15169
 15171
 15172
 15174
 15176
 6599
 6612
 5380
 16918
 9879
 9880
 9881
 9882
 9883
 9884
 9885
 9886
 9887
 9888
 9889
 9890
 9891
 9892
 9893
 9894
 9895
 9896
 9897
 9898
 9899
 9900
 9901
 9902
 9903
 9904
 9905
 9906
 9907
 9908
 9909
 9910
 18116
 18117
 18118
 18119
 18120
 18121
 18122
 18123
 18124
 18125
 18126
 18127
 18128
 18129
 18130
 18131
 18132
 18133
 18134
 18135
 18136
 18137
 18138
 18139
 18140
 18141
 18142
 18143
 18144
 18145
 18146
 18147
 11212
 11213
 11214
 11215
 11216
 11217
 11218
 11219
 11220
 11221
 11222
 11223
 11224
 11225
 11226
 11227
 11228
 11229
 11230
 11231
 11232
 11233
 11234
 11235
 11236
 11237
 11238
 11239
 11240
 11241
 11242
 11243
 13556
 13557
 13558
 1119
 12292
 12293
 12294
 12295
 12296
 12297
 12298
 12299
 12300
 12301
 12302
 12303
 12304
 12305
 12306
 12307
 12308
 12309
 12310
 12311
 12312
 12313
 12314
 12315
 12316
 12317
 12318
 12319
 12320
 12321
 12322
 12323
 10879
 10880
 10881
 10882
 10883
 10884
 10885
 10886
 10887
 10888
 10889
 10890
 10891
 10892
 10893
 10894
 10895
 10896
 10897
 10898
 10899
 10900
 10901
 10902
 10903
 10904
 10905
 10906
 10907
 10908
 10909
 10910
 11959
 11960
 11961
 11962
 11963
 11964
 11965
 11966
 11967
 11968
 11969
 11970
 11971
 11972
 11973
 11974
 11975
 11976
 11977
 11978
 11979
 11980
 11981
 11982
 11983
 11984
 11985
 11986
 11987
 11988
 11989
 11990
 10546
 10547
 10548
 10549
 10550
 10551
 10552
 10553
 10554
 10555
 10556
 10557
 10558
 10559
 10560
 10561
 10562
 10563
 10564
 10565
 10566
 10567
 10568
 10569
 10570
 10571
 10572
 10573
 10574
 10575
 10576
 10577
 18148
 18149
 18150
 18151
 18152
 18153
 18154
 18155
 18156
 18157
 18158
 18159
 18160
 18161
 18162
 18163
 18164
 18165
 18166
 18167
 18168
 18169
 18170
 18171
 18172
 18173
 18174
 18175
 18176
 18177
 18178
 18179
 6503
 1874
 1882
 1883
 1884
 1885
 1886
 1887
 1888
 1889
 12626
 12627
 12628
 12629
 12630
 12631
 12632
 12633
 12634
 12635
 12636
 12637
 12638
 12639
 12640
 12641
 12642
 12643
 12644
 12645
 12646
 12647
 12648
 12649
 12650
 12651
 12652
 12653
 12654
 12655
 12656
 12657
 2206
 18180
 18181
 18182
 18183
 18184
 18185
 18186
 18187
 18188
 18189
 18190
 18191
 18192
 18193
 18194
 18195
 18196
 18197
 18198
 18199
 18200
 18201
 18202
 18203
 18204
 18205
 18206
 18207
 18208
 18209
 18210
 18211
 4235366
 16839
 4452
 4453
 4454
 4455
 4456
 4457
 4458
 4459
 4460
 4461
 4462
 4463
 4464
 4465
 4466
 4467
 4468
 4470
 4471
 18212
 18213
 18214
 18215
 18216
 18217
 18218
 18219
 18220
 18221
 18222
 18223
 18224
 18225
 18226
 18227
 18228
 18229
 18230
 18231
 18232
 18233
 18234
 18235
 18236
 18237
 18238
 18239
 18240
 18241
 18242
 18243
 7063
 14044
 8230
 14687
 18244
 18245
 18246
 18247
 18248
 18249
 18250
 18251
 18252
 18253
 18254
 18255
 18256
 18257
 18258
 18259
 18260
 18261
 18262
 18263
 18264
 18265
 18266
 18267
 18268
 18269
 18270
 18271
 18272
 18273
 18274
 18275
 3445
 2431
 9525
 18276
 18277
 18278
 18279
 18280
 18281
 18282
 18283
 18284
 18285
 18286
 18287
 18288
 18289
 18290
 18291
 18292
 18293
 18294
 18295
 18296
 18297
 18298
 18299
 18300
 18301
 18302
 18303
 18304
 18305
 18306
 18307
 18308
 18309
 18310
 18311
 18312
 18313
 18314
 18315
 18316
 18317
 18318
 18319
 18320
 18321
 18322
 18323
 18324
 18325
 18326
 18327
 18328
 18329
 18330
 18331
 18332
 18333
 18334
 18335
 18336
 18337
 18338
 18339
 5781
 18340
 18341
 18342
 18343
 18344
 18345
 18346
 18347
 18348
 18349
 18350
 18351
 18352
 18353
 18354
 18355
 18356
 18357
 18358
 18359
 18360
 18361
 18362
 18363
 18364
 18365
 18366
 18367
 18368
 18369
 18370
 18371
 10218
 10219
 10220
 10221
 10222
 10223
 10224
 10225
 10226
 10227
 10228
 10229
 10230
 10231
 10232
 10233
 10234
 10235
 10236
 10237
 10238
 10239
 10240
 10241
 10242
 10243
 10244
 10245
 10246
 10247
 10248
 10249
 17225
 17226
 1549
 18372
 18373
 18374
 18375
 18376
 18377
 18378
 18379
 18380
 18381
 18382
 18383
 18384
 18385
 18386
 18387
 18388
 18389
 18390
 18391
 18392
 18393
 18394
 18395
 18396
 18397
 18398
 18399
 18400
 18401
 18402
 18403
 9437
 2268
 14712
 8343
 8344
 14069
 14077
 18404
 18405
 18406
 18407
 18408
 18409
 18410
 18411
 18412
 18413
 18414
 18415
 18416
 18417
 18418
 18419
 18420
 18421
 18422
 18423
 18424
 18425
 18426
 18427
 18428
 18429
 18430
 18431
 13443
 11613
 7417
 7425
 7426
 15556
 1646
 494
 7864327
 495
 18432
 18433
 18434
 18435
 18436
 18437
 18438
 18439
 18440
 18441
 18442
 18443
 18444
 18445
 18446
 18447
 18448
 18449
 18450
 18451
 18452
 18453
 18454
 18455
 18456
 18457
 18458
 18459
 18460
 18461
 18462
 18463
 18464
 18465
 18466
 18467
 18468
 18469
 18470
 18471
 18472
 18473
 18474
 18475
 18476
 18477
 18478
 18479
 15999
 18480
 18481
 18482
 18483
 18484
 18485
 18486
 18487
 18488
 18489
 18490
 18491
 18492
 18493
 18494
 18495
 18496
 18497
 18498
 18499
 18500
 18501
 18502
 18503
 18504
 18505
 18506
 18507
 18508
 18509
 18510
 18511
 16568
 6980
 6457
 18512
 18513
 18514
 18515
 18516
 18517
 18518
 18519
 18520
 18521
 18522
 18523
 18524
 18525
 18526
 18527
 18528
 18529
 18530
 18531
 18532
 18533
 18534
 18535
 18536
 18537
 18538
 18539
 18540
 18541
 18542
 18543
 14140
 4551
 15295
 5716
 18544
 18545
 18546
 18547
 18548
 18549
 18550
 18551
 18552
 18553
 18554
 18555
 18556
 18557
 18558
 18559
 18560
 18561
 18562
 18563
 18564
 18565
 18566
 18567
 18568
 18569
 18570
 18571
 18572
 18573
 18574
 18575
 7197
 3461
 18576
 18577
 18578
 18579
 18580
 18581
 18582
 18583
 18584
 18585
 18586
 18587
 18588
 18589
 18590
 18591
 18592
 18593
 18594
 18595
 18596
 18597
 18598
 18599
 18600
 18601
 18602
 18603
 18604
 18605
 18606
 18607
 9573
 2869
 13583
 11760
 18608
 18609
 18610
 18611
 18612
 18613
 18614
 18615
 18616
 18617
 18618
 18619
 18620
 18621
 18622
 18623
 18624
 18625
 18626
 18627
 18628
 18629
 18630
 18631
 18632
 18633
 18634
 18635
 18636
 18637
 18638
 18639
 3878
 15613
 14275
 13237
 15149
 16248
 14036
 6361
 6369
 6370
 18640
 18641
 18642
 18643
 18644
 18645
 18646
 18647
 18648
 18649
 18650
 18651
 18652
 18653
 18654
 18655
 18656
 18657
 18658
 18659
 18660
 18661
 18662
 18663
 18664
 18665
 18666
 18667
 18668
 18669
 18670
 18671
 8583
 8591
 8592
 8593
 6527
 16161
 18672
 18673
 18674
 18675
 18676
 18677
 18678
 18679
 18680
 18681
 18682
 18683
 18684
 18685
 18686
 18687
 18688
 18689
 18690
 18691
 18692
 18693
 18694
 18695
 18696
 18697
 18698
 18699
 18700
 18701
 18702
 18703
 14956
 18704
 18705
 18706
 18707
 18708
 18709
 18710
 18711
 18712
 18713
 18714
 18715
 18716
 18717
 18718
 18719
 18720
 18721
 18722
 18723
 18724
 18725
 18726
 18727
 18728
 18729
 18730
 18731
 18732
 18733
 18734
 18735
 15971
 2729
 2741
 18736
 18737
 18738
 18739
 18740
 18741
 18742
 18743
 18744
 18745
 18746
 18747
 18748
 18749
 18750
 18751
 18752
 18753
 18754
 18755
 18756
 18757
 18758
 18759
 18760
 18761
 18762
 18763
 18764
 18765
 18766
 18767
 15266
 14617
 14618
 14619
 14621
 14627
 14628
 14631
 14632
 18768
 18769
 18770
 18771
 18772
 18773
 18774
 18775
 18776
 18777
 18778
 18779
 18780
 18781
 18782
 18783
 18784
 18785
 18786
 18787
 18788
 18789
 18790
 18791
 18792
 18793
 18794
 18795
 18796
 18797
 18798
 18799
 2678
 2682
 2683
 2684
 2685
 2686
 2687
 3705
 3706
 3709
 5260
 5266
 5267
 5268
 5269
 5274
 9082
 7643
 7645
 7647
 7654
 13610
 13203
 13219
 13221
 18800
 18801
 18802
 18803
 18804
 18805
 18806
 18807
 18808
 18809
 18810
 18811
 18812
 18813
 18814
 18815
 18816
 18817
 18818
 18819
 18820
 18821
 18822
 18823
 18824
 18825
 18826
 18827
 18828
 18829
 18830
 18831
 17248
 17249
 17254
 11638
 11641
 3
 19
 25
 26
 27
 28
 29
 178
 179
 180
 181
 182
 183
 184
 185
 186
 187
 188
 189
 190
 191
 192
 194
 196
 200
 201
 202
 203
 204
 205
 206
 207
 208
 209
 332
 334
 335
 336
 337
 338
 339
 340
 341
 343
 344
 345
 346
 348
 349
 351
 352
 353
 354
 355
 356
 357
 358
 359
 360
 361
 362
 363
 15706
 18832
 18833
 18834
 18835
 18836
 18837
 18838
 18839
 18840
 18841
 18842
 18843
 18844
 18845
 18846
 18847
 18848
 18849
 18850
 18851
 18852
 18853
 18854
 18855
 18856
 18857
 18858
 18859
 18860
 18861
 18862
 18863
 9864
 9865
 9866
 9867
 9868
 9869
 9870
 9871
 9872
 9873
 9874
 9875
 9876
 9877
 9878
 9879
 3280
 12610
 12611
 12612
 12613
 12614
 12615
 12616
 12617
 12618
 12619
 12620
 12621
 12622
 12623
 12624
 12625
 11197
 11198
 11199
 11200
 11201
 11202
 11203
 11204
 11205
 11206
 11207
 11208
 11209
 11210
 11211
 140
 141
 142
 143
 144
 145
 146
 147
 148
 149
 150
 151
 152
 153
 154
 155
 156
 157
 158
 159
 160
 161
 162
 163
 164
 165
 166
 167
 168
 169
 170
 171
 24
 25
 26
 27
 28
 29
 30
 31
 32
 33
 34
 35
 36
 37
 38
 39
 40
 41
 42
 43
 44
 45
 46
 47
 48
 49
 50
 51
 52
 53
 54
 55
 1773
 12277
 12278
 12279
 12280
 12281
 12282
 12283
 12284
 12285
 12286
 12287
 12288
 12289
 12290
 12291
 11603
 11606
 11607
 11608
 11609
 11610
 11611
 11615
 11616
 11618
 11619
 232
 233
 235
 237
 241
 246
 247
 248
 251
 252
 260
 263
 120
 121
 122
 123
 124
 125
 126
 127
 128
 129
 130
 131
 132
 133
 134
 135
 136
 137
 138
 139
 74
 75
 76
 77
 78
 79
 80
 81
 82
 83
 84
 85
 86
 87
 88
 89
 90
 91
 92
 93
 94
 95
 96
 97
 98
 99
 100
 101
 102
 103
 104
 105
 120
 121
 122
 123
 124
 125
 126
 127
 128
 129
 130
 131
 132
 133
 134
 135
 136
 137
 138
 139
 140
 141
 142
 143
 144
 145
 146
 147
 148
 149
 150
 151
 172
 173
 174
 175
 176
 177
 178
 179
 180
 181
 182
 183
 184
 185
 186
 187
 188
 189
 190
 191
 192
 193
 194
 195
 196
 197
 198
 199
 200
 201
 202
 203
 210
 211
 212
 213
 214
 215
 216
 217
 218
 219
 220
 221
 222
 223
 226
 227
 228
 229
 230
 231
 152
 153
 154
 155
 156
 157
 158
 159
 160
 161
 162
 163
 164
 165
 166
 167
 168
 169
 170
 171
 172
 173
 174
 175
 176
 177
 10864
 10865
 10866
 10867
 10868
 10869
 10870
 10871
 10872
 10873
 10874
 10875
 10876
 10877
 10878
 11944
 11945
 11946
 11947
 11948
 11949
 11950
 11951
 11952
 11953
 11954
 11955
 11956
 11957
 11958
 10531
 10532
 10533
 10534
 10535
 10536
 10537
 10538
 10539
 10540
 10541
 10542
 10543
 10544
 10545
 15582
 15583
 15590
 15591
 15594
 15596
 15601
 15603
 15605
 10198
 10199
 10200
 10201
 10202
 10203
 10204
 10205
 10206
 10207
 10208
 10209
 10210
 10211
 10212
 10213
 18864
 18865
 18866
 18867
 18868
 18869
 18870
 18871
 18872
 18873
 18874
 18875
 18876
 18877
 18878
 18879
 18880
 18881
 18882
 18883
 18884
 18885
 18886
 18887
 18888
 18889
 18890
 18891
 18892
 18893
 18894
 18895
 15387
 15394
 15397
 15399
 4235367
 4235373
 131
 132
 133
 134
 135
 136
 137
 138
 139
 140
 141
 142
 143
 144
 145
 146
 355
 356
 357
 358
 359
 360
 361
 362
 363
 364
 365
 366
 367
 368
 369
 370
 371
 373
 374
 375
 376
 377
 378
 379
 380
 381
 382
 384
 5768
 5769
 5772
 5773
 5774
 5783
 102
 103
 104
 105
 106
 107
 108
 109
 110
 111
 112
 113
 114
 115
 116
 117
 118
 119
 120
 121
 122
 123
 124
 125
 126
 127
 128
 129
 130
 131
 132
 133
 113
 216
 217
 218
 219
 220
 221
 222
 223
 224
 225
 226
 227
 228
 229
 230
 231
 232
 233
 234
 235
 32
 33
 34
 35
 36
 37
 41
 42
 43
 45
 46
 47
 48
 49
 50
 51
 52
 53
 54
 55
 56
 57
 58
 59
 60
 61
 62
 63
 5459
 5462
 5463
 5466
 5467
 5468
 5470
 5473
 5477
 203
 206
 207
 208
 209
 210
 211
 212
 213
 214
 215
 265
 266
 267
 2482
 2488
 2489
 379
 380
 381
 382
 383
 384
 385
 386
 387
 388
 389
 390
 391
 392
 393
 394
 395
 396
 397
 398
 399
 400
 401
 402
 403
 404
 405
 406
 407
 408
 409
 410
 13944
 13945
 13946
 13947
 13948
 13949
 13950
 13952
 13953
 13955
 13957
 13959
 13960
 13963
 13964
 13965
 13967
 23043463212
 6389
 6390
 6391
 6392
 5988
 5991
 2927
 2929
 34112115870
 23043456531
 34359738362
 448
 23043462940
 23043456529
 38
 34112114274
 34359738361
 251
 23043456530
 23043456533
 259
 23043463209
 23043462574
 23043463019
 23043462945
 23043463025
 23043463003
 23043463208
 23043463206
 23043463022
 23043463024
 23043462587
 23043463205
 23043462939
 23043463198
 23043462947
 23043463026
 23043462576
 23043462993
 23043456532
 23043463020
 23043463021
 23043463201
 23043462884
 23043463200
 23043463023
 23043462575
 23043463210
 23043463018
 23043463207
 23043462992
 23043462844
 23043463001
 23043463013
 23043463181
 23043463027
 23043463012
 23043463203
 23043462975
 23043462569
 23043463016
 23043463014
 23043463017
 23043463010
 7086
 7095
 14574
 14582
 14584
 14589
 14590
 14592
 14596
 14597
 14598
 14599
 7065
 7066
 7069
 14551
 14552
 14557
 23043462836
 253
 170
 23043463008
 23043462995
 23043463015
 23043462737
 23043463197
 23043463154
 23043463000
 23043463202
 23043463155
 23043462760
 23043462999
 23043463204
 23043463009
 449
 23043462996
 23043462579
 23043462997
 23043463006
 23043463190
 23043462586
 23043462964
 23043462861
 23043462991
 23043462585
 23043462998
 23043463196
 23043462577
 23043462580
 23043463199
 23043462961
 23043463191
 23043463004
 23043462606
 23043462771
 23043462605
 23043462994
 23043462965
 23043463002
 23043462950
 23043462571
 23043462773
 23043462602
 23043462854
 23043462850
 23043462578
 23043463007
 23043462837
 23043463218
 23043463211
 8834
 8842
 8843
 8844
 8845
 8846
 8847
 8848
 8849
 8850
 8851
 8852
 8855
 4719125
 4719104
 4719105
 4719106
 4719107
 4719108
 4719109
 4719110
 4719111
 4719112
 4719113
 4719114
 4719115
 4719116
 4719117
 4719118
 4719119
 4719120
 4719121
 4719122
 4719123
 4719124
 4719126
 4719127
 4719128
 4719129
 4719130
 4719131
 4719132
 4719133
 4719134
 4719135
 34112114273
 23043462842
 1
 2
 3
 4
 5
 6
 7
 8
 9
 10
 11
 12
 13
 14
 15
 16
 17
 18
 34112115900
 34112115896
 34112115897
 1
 2
 3
 4
 5
 6
 7
 8
 9
 10
 11
 12
 13
 14
 15
 16
 17
 18
 19
 20
 21
 22
 23
 24
 25
 26
 27
 28
 29
 30
 31
 43
 1
 2
 3
 4
 3
 1
 2
 3
 4
 5
 6
 7
 8
 9
 10
 11
 12
 13
 11
 5241
 5249
 18896
 18897
 18898
 18899
 18900
 18901
 18902
 18903
 18904
 18905
 18906
 18907
 18908
 18909
 18910
 18911
 18912
 18913
 18914
 18915
 18916
 18917
 18918
 18919
 18920
 18921
 18922
 18923
 18924
 18925
 18926
 18927
 11480
 11481
 11482
 11486
 11488
 11489
 3001
 3002
 3006
 3007
 3008
 3009
 3010
 3013
 3014
 931
 933
 944
 13672
 13674
 13676
 13677
 13678
 13679
 13680
 13682
 13683
 13684
 13685
 13689
 13691
 6088
 6090
 6091
 6092
 6093
 6100
 6102
 8969
 8970
 8971
 8972
 8973
 8975
 8976
 8977
 8978
 8980
 8981
 8982
 5611
 5613
 5614
 5618
 5619
 3489
 3490
 3500
 3503
 5688
 5692
 5694
 5695
 5696
 5700
 5701
 5703
 8665
 8666
 8667
 8669
 8670
 8674
 8675
 8676
 8677
 6106
 6112
 6114
 3534
 3544
 3549
 3550
 3551
 3555
 3557
 17295
 17298
 17301
 17309
 17316
 17317
 17320
 17324
 7801
 7802
 7803
 7806
 8791
 8792
 8793
 8798
 8799
 8801
 8802
 8803
 8806
 13925
 13928
 13929
 13938
 13940
 13942
 8745
 8746
 8747
 8748
 8749
 8751
 8760
 9537
 9539
 9543
 9544
 9548
 9549
 9554
 9555
 9556
 9559
 9561
 9562
 9203
 9204
 9205
 9206
 9207
 9208
 9209
 9211
 9212
 9213
 9214
 9215
 9216
 9217
 9219
 9222
 9223
 2462
 2464
 7839
 7843
 7854
 7855
 7864
 2947
 2950
 2954
 2955
 2956
 2958
 14195
 15914
 15916
 15921
 15922
 15923
 15924
 2553
 2554
 2555
 2557
 2560
 2562
 2563
 2567
 2580
 15654
 15655
 15656
 15659
 15662
 15666
 15667
 9153
 9154
 9155
 9157
 9159
 9161
 9162
 9164
 9165
 9166
 9168
 9169
 9171
 1703
 1704
 1708
 1710
 1713
 1714
 3183
 3184
 3185
 3186
 3187
 3188
 3189
 3190
 3191
 3193
 3194
 3195
 3196
 3199
 3201
 3202
 3208
 7773
 7775
 7776
 7777
 7778
 7780
 7781
 7783
 5376
 5377
 5383
 5391
 5398
 18928
 18929
 18930
 18931
 18932
 18933
 18934
 18935
 18936
 18937
 18938
 18939
 18940
 18941
 18942
 18943
 18944
 18945
 18946
 18947
 18948
 18949
 18950
 18951
 18952
 18953
 18954
 18955
 18956
 18957
 18958
 18959
 13506
 13507
 13510
 13511
 13512
 13513
 13517
 13520
 13522
 13523
 13524
 13525
 13526
 3710
 3711
 3713
 3714
 3715
 3716
 3717
 3720
 15625
 15626
 15632
 15633
 15635
 15639
 15640
 15641
 15642
 15643
 15644
 15646
 2783
 2784
 2786
 2787
 2788
 2789
 2791
 2795
 2796
 2797
 2798
 2799
 2800
 2802
 2804
 2805
 2806
 2807
 2814
 7728
 7730
 7733
 7735
 7736
 9230
 9231
 9232
 9233
 9242
 13692
 13693
 13694
 13695
 13696
 13699
 13708
 13709
 13710
 1056
 1057
 1059
 1060
 1061
 1062
 1072
 14291
 14292
 14295
 14296
 962
 963
 968
 978
 979
 986
 5300
 5301
 5302
 5304
 5307
 5308
 5310
 5312
 5316
 5317
 5319
 5320
 5322
 5323
 5324
 5325
 8192
 8195
 8196
 8197
 3418
 3422
 3423
 3424
 3425
 3426
 3427
 3430
 3434
 3436
 3437
 3443
 1152
 1157
 1161
 1165
 1166
 1172
 1176
 1178
 13570
 13571
 13572
 13573
 13575
 13578
 13579
 13586
 13587
 13589
 13590
 15818
 15821
 15824
 15826
 1339
 1341
 1342
 1343
 1344
 1345
 1353
 1355
 2394
 2397
 2398
 2399
 2400
 2408
 2413
 5066
 5071
 5072
 13380
 8594
 8596
 8597
 8598
 8600
 5976
 5977
 5978
 5981
 5985
 5986
 13331
 13334
 13335
 13336
 13341
 13342
 13345
 8368
 8370
 8372
 8374
 8377
 8378
 8380
 8381
 8384
 8387
 8388
 8389
 8390
 8394
 8395
 8396
 13778
 13779
 13782
 13783
 13784
 13786
 13787
 13788
 13789
 13791
 1794
 1795
 1798
 1799
 1801
 1802
 1804
 1805
 1806
 1809
 8428
 8429
 8430
 8433
 8434
 8435
 8436
 8437
 8438
 9113
 9114
 9115
 9116
 9117
 9119
 9123
 9125
 9126
 9002
 9004
 9005
 9008
 9009
 9010
 9011
 9012
 9015
 9652
 9658
 3467
 3474
 3475
 7472
 14688
 14690
 14691
 14692
 14693
 14695
 14696
 8634
 8635
 8639
 8642
 8643
 8644
 8645
 8646
 8647
 9147
 9148
 9149
 9151
 5721
 5722
 5723
 2584
 2597
 1720
 1722
 1723
 1728
 1731
 1733
 13426
 13427
 13428
 13429
 13430
 13431
 13435
 13436
 13438
 13439
 13440
 13441
 13446
 13447
 13448
 13449
 2680
 2694
 6861
 6863
 6864
 6869
 6870
 6871
 6883
 13846
 13847
 13848
 13851
 13852
 13854
 13855
 13857
 13861
 13863
 13864
 13865
 13866
 13867
 13868
 13872
 13873
 13874
 13875
 13876
 17326
 17334
 17345
 17348
 9458
 9461
 9465
 9467
 9473
 9474
 9475
 9476
 9481
 9486
 9489
 8910
 8911
 8914
 8918
 8919
 8920
 8922
 8925
 8928
 8929
 8930
 8932
 8933
 8934
 18960
 18961
 18962
 18963
 18964
 18965
 18966
 18967
 18968
 18969
 18970
 18971
 18972
 18973
 18974
 18975
 18976
 18977
 18978
 18979
 18980
 18981
 18982
 18983
 18984
 18985
 18986
 18987
 18988
 18989
 18990
 18991
 6441
 6443
 6444
 6446
 6448
 6449
 6450
 6451
 6452
 6454
 34112115870
 23043456531
 34359738362
 448
 23043462940
 38
 23043456529
 34112114274
 251
 34359738361
 23043456530
 23043456533
 259
 23043463209
 23043462574
 23043463204
 23043462945
 23043463208
 23043463027
 23043463026
 23043463205
 23043463017
 23043463025
 23043462579
 23043463012
 23043462994
 23043462587
 23043463202
 23043463013
 23043463002
 23043462939
 23043463023
 23043456532
 23043463020
 23043463206
 23043463004
 23043463014
 23043463007
 23043462998
 23043463207
 23043463021
 23043462992
 23043463016
 23043462575
 23043463018
 23043462833
 23043463009
 23043463003
 23043462844
 23043462996
 23043463181
 23043463019
 23043463199
 23043463210
 23043462961
 23043463015
 23043462569
 23043462760
 23043463001
 23043463005
 23043462999
 23043462586
 23043462837
 253
 23043463024
 23043463203
 23043463022
 23043462993
 23043463000
 23043463200
 23043463197
 23043463201
 23043463191
 23043462585
 23043462997
 23043463155
 23043462606
 23043462576
 23043462578
 23043463154
 23043462947
 23043462766
 23043463010
 23043462965
 23043462580
 23043462846
 23043462991
 23043463198
 23043462861
 23043463006
 23043462964
 23043462995
 23043462605
 23043463190
 23043462950
 23043462571
 23043463008
 23043462831
 23043462862
 23043462892
 23043462851
 23043462975
 23043462834
 23043463011
 23043462602
 23043462850
 449
 23043463218
 4729799
 34112114273
 23043462577
 23043463196
 34112115900
 34112115896
 34112115897
 43
 3
 11
 5927
 5928
 5930
 5931
 5932
 5936
 5937
 5938
 5942
 5943
 6031
 6034
 2537
 2538
 2539
 2543
 2546
 15081
 15083
 15085
 15086
 15088
 15089
 15091
 15092
 15093
 15094
 15096
 15097
 15098
 15099
 15100
 15101
 15102
 15104
 16297
 16298
 16299
 16304
 16305
 16307
 16308
 16309
 16311
 16312
 16314
 16316
 16317
 16320
 16321
 16322
 16323
 2419
 2420
 2422
 2423
 2424
 2425
 2426
 2428
 2433
 13642
 13644
 14571
 14572
 14575
 14576
 6143
 8267
 8269
 8276
 8279
 8281
 8283
 8286
 8288
 8294
 16955
 16957
 16958
 16963
 16965
 16967
 16968
 1443
 1447
 1448
 1451
 1452
 1453
 1456
 1457
 2386
 2387
 2389
 2390
 2391
 11781
 11782
 11784
 11785
 11788
 11789
 11790
 11791
 11792
 11793
 11794
 11795
 11796
 11797
 11798
 11801
 11803
 11804
 11805
 11806
 16827
 16828
 16831
 1403
 3207
 3213
 3214
 13598
 13602
 13603
 13605
 13608
 13611
 13612
 13613
 13614
 13615
 13616
 16794
 16804
 16805
 14215
 14217
 14221
 14004
 14005
 14012
 14014
 14015
 14016
 14017
 14018
 14020
 5864
 5865
 5867
 5868
 5869
 5871
 5872
 5874
 5876
 5882
 1588
 1593
 1596
 1597
 1603
 15534
 15535
 15537
 15539
 15544
 5327
 5328
 8731
 8733
 8734
 8739
 8740
 14033
 14034
 14042
 14043
 14046
 14048
 14049
 14050
 14051
 14052
 14055
 14056
 14057
 14058
 14064
 5787
 5791
 5792
 5794
 5795
 5796
 5797
 5799
 8249
 8259
 8261
 8262
 8265
 9494
 9495
 9497
 1824
 1830
 1832
 1837
 2982
 2986
 2988
 2990
 5356
 5363
 5366
 15843
 15846
 6767
 6770
 6771
 6772
 6774
 6776
 14233
 14235
 14236
 14238
 14239
 14241
 14242
 14244
 14245
 14248
 14251
 14252
 14253
 14254
 16114
 16118
 16124
 16125
 16130
 16131
 16237
 16238
 16240
 16242
 16244
 16245
 16246
 16247
 16249
 16251
 16252
 16253
 16254
 9250
 9252
 9254
 9261
 9263
 9265
 9266
 9267
 9269
 9270
 9271
 9272
 18992
 18993
 18994
 18995
 18996
 18997
 18998
 18999
 19000
 19001
 19002
 19003
 19004
 19005
 19006
 19007
 19008
 19009
 19010
 19011
 19012
 19013
 19014
 19015
 19016
 19017
 19018
 19019
 19020
 19021
 19022
 19023
 5180
 5181
 5182
 5185
 5186
 5187
 5190
 14258
 14259
 14261
 14262
 14263
 14264
 14267
 14268
 13020
 13021
 13022
 13023
 13024
 13025
 13026
 13027
 13030
 13031
 13032
 13034
 13035
 13036
 13037
 13040
 13041
 13042
 5228
 5229
 5230
 5236
 5239
 5240
 5242
 5244
 2764
 2765
 2766
 2767
 2768
 2769
 2770
 2771
 2772
 2773
 2774
 2775
 2776
 2777
 2778
 2779
 2780
 17004
 17010
 17012
 17014
 17016
 17018
 17020
 17022
 17025
 17026
 17027
 12978
 12979
 12980
 12981
 12983
 12984
 12985
 12988
 12990
 12992
 12993
 16458
 16460
 16461
 16463
 16467
 16470
 1227
 1228
 1230
 1236
 1239
 1240
 1243
 1734
 1458
 1460
 1461
 1469
 1471
 1472
 1473
 17217
 17227
 17228
 17229
 17230
 17231
 17235
 17236
 17237
 17238
 17239
 17240
 17242
 17244
 17245
 17246
 11738
 11739
 11741
 11743
 11744
 16479
 2168
 2169
 2170
 2171
 2172
 2173
 2174
 2175
 2176
 2177
 2180
 2181
 2183
 2184
 2187
 2190
 2192
 5435
 5436
 5437
 5438
 5439
 5442
 5443
 5444
 5445
 5448
 5804
 5806
 5807
 5808
 5810
 5812
 5813
 5816
 5818
 5819
 5820
 5822
 9577
 9578
 9581
 9582
 9583
 9584
 9585
 9586
 9587
 9588
 9589
 9591
 9592
 14457
 14459
 14460
 14462
 14463
 14464
 14465
 14467
 9175
 9176
 9177
 9180
 9182
 9183
 13619
 13620
 13621
 13623
 13626
 13627
 13628
 13630
 13631
 13633
 13634
 13635
 13638
 13349
 13351
 13352
 13354
 13359
 14065
 14066
 14067
 14070
 14071
 14073
 14075
 14079
 14080
 13407
 13408
 13409
 13411
 13412
 13413
 13420
 13421
 13422
 13423
 14400
 14402
 14404
 14408
 14409
 14419
 8347
 8353
 8354
 8355
 8358
 8360
 8363
 15880
 15881
 15882
 15883
 15884
 15888
 15889
 15890
 15893
 15895
 5279
 5280
 5282
 5284
 5286
 5289
 5290
 5291
 5293
 5295
 7289
 7290
 7291
 7292
 7293
 7295
 34112115870
 23043456531
 34359738362
 448
 23043462940
 23043456529
 251
 38
 34112114274
 34359738361
 23043456530
 23043456533
 259
 23043463024
 23043462574
 23043463022
 23043462945
 23043463210
 23043463002
 23043462939
 23043463208
 23043462947
 23043462578
 23043462771
 23043463154
 23043463015
 23043463026
 23043462587
 23043463209
 23043463011
 23043462991
 23043463205
 23043463021
 23043463023
 23043456532
 23043463020
 23043463211
 23043462580
 23043463190
 23043463019
 23043463018
 23043462575
 23043463027
 23043463206
 23043463204
 23043462853
 23043462836
 23043462844
 23043462576
 23043463207
 23043463012
 23043463003
 23043462998
 23043463202
 23043463025
 23043462773
 23043462964
 23043462569
 23043463017
 23043463200
 23043462737
 23043462965
 23043463155
 23043462993
 253
 23043463014
 23043463198
 23043462579
 23043462992
 23043463013
 23043463201
 23043463203
 23043463181
 23043462946
 23043463016
 23043462997
 23043462999
 23043462994
 23043463008
 23043463199
 23043463010
 23043463009
 23043463000
 23043462586
 23043462585
 23043463197
 23043462577
 23043463006
 23043463007
 23043462605
 23043462760
 23043462950
 23043463191
 23043462996
 23043463005
 23043462846
 23043463004
 23043462961
 23043462861
 23043462602
 23043462975
 23043463001
 23043462854
 23043462834
 23043462850
 23043462837
 23043462571
 449
 23043463219
 34112114273
 23043462842
 23043462770
 34112115900
 34112115896
 34112115897
 43
 3
 11
 11681
 11682
 11684
 11685
 11690
 11691
 11693
 11694
 11697
 11698
 11699
 11700
 11701
 11703
 13986
 13997
 14001
 14002
 19024
 19025
 19026
 19027
 19028
 19029
 19030
 19031
 19032
 19033
 19034
 19035
 19036
 19037
 19038
 19039
 19040
 19041
 19042
 19043
 19044
 19045
 19046
 19047
 19048
 19049
 19050
 19051
 19052
 19053
 19054
 19055
 8559
 8560
 8561
 8563
 8566
 8568
 14748
 14749
 14753
 14754
 14756
 14757
 14758
 14761
 14763
 8698
 8699
 8700
 8701
 8707
 15307
 15308
 15309
 15312
 15315
 15316
 15317
 15318
 15319
 15320
 15321
 15322
 15323
 15324
 15326
 15329
 15330
 15331
 14905
 14906
 14907
 14908
 14915
 14916
 14918
 14919
 5729
 5730
 5731
 5735
 8444
 8445
 8446
 8447
 8452
 8455
 8456
 14377
 14388
 8873
 8874
 8875
 8877
 8878
 8879
 8881
 8882
 8884
 8885
 8886
 8891
 8893
 8894
 5896
 5898
 5901
 5905
 5906
 5908
 5910
 5912
 5917
 5918
 5920
 5921
 14158
 14159
 14162
 14163
 14166
 14167
 14168
 14171
 14172
 14174
 14175
 14176
 8397
 8400
 8401
 8402
 8405
 8406
 8407
 8409
 8410
 15530
 15531
 15532
 15542
 5576
 5577
 5581
 5585
 5586
 5588
 5589
 5590
 15770
 4489
 4490
 4492
 4493
 4494
 4495
 4497
 4499
 4503
 15150
 15153
 15154
 15155
 15156
 15241
 15242
 15245
 15246
 15247
 15250
 15254
 11531
 11532
 11533
 11535
 11538
 11540
 11541
 11544
 11545
 11549
 11550
 11552
 11553
 15658
 15665
 15668
 15669
 15670
 15671
 15672
 15175
 15178
 15182
 15185
 15186
 15188
 13801
 13802
 13804
 13805
 13806
 13807
 13808
 13811
 13813
 13814
 13815
 13816
 13817
 13818
 13819
 13825
 34112115870
 23043456531
 34359738362
 448
 23043462940
 23043456529
 251
 38
 34112114274
 23043456530
 23043456533
 259
 23043463016
 23043462574
 23043463208
 23043462945
 23043463023
 23043462575
 23043463019
 23043463022
 23043463207
 23043463008
 23043462578
 23043463204
 23043462770
 23043463020
 23043463154
 23043463017
 23043463027
 23043463015
 23043463021
 23043462998
 23043456532
 34359738361
 23043462991
 23043463206
 23043463024
 23043463197
 23043463191
 23043463018
 23043463013
 23043463010
 23043463209
 23043463026
 23043463202
 23043463025
 23043462760
 23043462589
 23043462580
 23043462993
 23043462844
 23043463002
 23043463205
 23043462997
 23043463155
 23043462994
 23043462586
 23043462569
 23043463006
 23043462965
 23043462606
 253
 23043463201
 23043463203
 23043463210
 23043463200
 23043463014
 23043462992
 23043462961
 23043462999
 23043463005
 23043463009
 23043463211
 23043463199
 23043463007
 23043463000
 23043462995
 23043463196
 23043462577
 23043462996
 23043462579
 23043463001
 23043463198
 23043463012
 23043463011
 23043463004
 23043462576
 23043463190
 23043463181
 23043462947
 23043462964
 23043462587
 23043463003
 23043462605
 23043462871
 23043462854
 23043462766
 23043462771
 23043462846
 23043462862
 23043462939
 23043462834
 23043462975
 23043462837
 23043462602
 23043462850
 23043462853
 23043462836
 449
 23043463219
 4726812
 4718625
 4718627
 4718628
 4718629
 4718630
 4718631
 4718632
 4718633
 4718634
 4718635
 4718636
 4718637
 4718638
 4718639
 4718640
 4718641
 4718642
 4718643
 4718644
 4718645
 4718646
 4718647
 4718648
 4718649
 4718650
 4718651
 4718652
 4718653
 4718654
 4718655
 4718656
 34112114273
 23043462571
 23043462876
 34112115900
 34112115896
 34112115897
 43
 3
 11
 34112115870
 23043456531
 34359738362
 448
 23043462940
 23043456529
 251
 38
 34112114274
 23043456530
 23043456533
 259
 23043463016
 23043462574
 23043463208
 23043462945
 23043463023
 23043462876
 23043463015
 23043463021
 23043463204
 23043462578
 23043463198
 23043463001
 23043463202
 23043462871
 23043462854
 23043463014
 23043462996
 23043463020
 23043462998
 23043463024
 23043456532
 34359738361
 23043463000
 23043463008
 23043463206
 23043463003
 23043463154
 23043463203
 23043462575
 23043463205
 23043463013
 23043462606
 23043463207
 23043463017
 23043463209
 23043463006
 23043462580
 23043462993
 23043462844
 23043463019
 23043463025
 23043463155
 23043463026
 23043462997
 23043463018
 23043462991
 23043463002
 23043462569
 23043463197
 23043462760
 23043463022
 23043463012
 23043462586
 23043462992
 34112114273
 23043463027
 23043462589
 253
 23043463210
 23043463005
 23043463009
 23043463201
 23043463211
 23043463199
 23043463007
 23043462995
 23043463196
 23043462577
 23043462579
 23043463010
 23043463200
 23043462999
 23043463011
 23043463004
 23043462961
 23043462965
 23043462576
 23043463190
 23043463181
 23043462994
 23043462947
 23043462964
 23043463191
 23043462587
 23043462605
 23043462770
 23043462766
 23043462771
 23043462846
 23043462862
 23043462939
 23043462834
 23043462975
 23043462837
 23043462602
 23043462850
 23043462853
 23043462836
 449
 23043463219
 23043462842
 23043462571
 34112115900
 34112115896
 8769
 8773
 34112115897
 8774
 8775
 8780
 8781
 8782
 8783
 8784
 43
 8785
 8788
 3
 11
 19056
 19057
 19058
 19059
 19060
 19061
 19062
 19063
 19064
 19065
 19066
 19067
 19068
 19069
 19070
 19071
 19072
 19073
 19074
 19075
 19076
 19077
 19078
 19079
 19080
 19081
 19082
 19083
 19084
 19085
 19086
 19087
 5113
 5117
 5123
 5126
 5130
 5134
 5135
 5137
 5138
 7403
 7405
 7407
 7409
 7410
 7411
 7412
 7413
 7414
 7419
 7422
 7425
 7426
 8090
 8092
 8101
 13463
 13464
 13465
 13466
 13467
 13468
 13469
 13470
 13473
 13474
 16894
 16902
 16169
 16173
 16174
 16176
 16181
 16184
 5643
 5646
 5657
 15507
 15508
 15509
 15510
 15511
 15512
 4600
 4601
 4602
 4603
 4605
 4607
 4608
 4610
 4613
 4615
 4616
 9049
 9060
 13262
 13266
 13267
 13269
 13273
 13274
 13275
 13276
 13279
 13280
 13281
 13282
 13284
 13285
 12822
 12826
 12831
 12832
 12833
 12834
 12836
 12838
 9291
 9293
 9295
 9297
 9300
 9303
 9304
 7608
 7621
 7622
 16922
 16924
 16926
 16928
 16933
 16934
 13207
 13215
 13217
 13220
 8214
 8215
 8216
 8228
 5824
 5826
 5827
 4235374
 4235379
 34112115870
 23043456531
 23043456529
 34359738364
 448
 23043462940
 251
 23043463203
 23043462571
 23043462998
 23043463014
 38
 23043462575
 34112114274
 23043463019
 23043462569
 23043463013
 23043463209
 23043463018
 23043463026
 23043463024
 23043463022
 23043463009
 23043456533
 259
 23043456530
 23043462945
 8301
 8302
 8305
 8307
 8308
 8309
 8314
 5776252
 5775377
 5776269
 8496
 8497
 8498
 8506
 8507
 8508
 8509
 8510
 8512
 8513
 1
 2
 3
 34359738366
 9238
 1062
 1063
 1064
 1065
 1066
 1067
 1068
 1069
 1070
 1071
 1072
 1073
 1074
 1075
 1076
 1077
 1078
 1079
 1080
 1081
 1082
 1083
 1084
 1085
 1086
 1087
 1088
 1089
 1090
 1091
 1092
 1093
 1094
 5776041
 5775386
 5776433
 5768578
 5768576
 5768577
 5768579
 5768580
 5768581
 5768582
 5768583
 5768584
 5768585
 5768586
 5768587
 5768588
 5768589
 5768590
 5768591
 5768592
 5768593
 5768594
 5768595
 5768596
 5768597
 5768598
 5768599
 5768600
 5768601
 5768602
 5768603
 5768604
 5768605
 5768606
 5768607
 5768608
 4
 5
 6
 7
 8
 9
 10
 11
 12
 13
 14
 15
 16
 15
 32
 35
 36
 37
 38
 39
 40
 41
 42
 43
 44
 38
 34359738365
 37
 34359738364
 34159201925
 14
 34159201921
 6299664
 6300669
 6292166
 6292160
 6292161
 6292162
 6292163
 6292164
 6292165
 6292167
 6292168
 6292169
 6292170
 6292171
 6292172
 6292173
 6292174
 6292175
 6292176
 6292177
 6292178
 6292179
 6292180
 6292181
 6292182
 6292183
 6292184
 6292185
 6292186
 6292187
 6292188
 6292189
 6292190
 6292191
 6292192
 1
 2
 3
 4
 5
 6
 7
 8
 9
 10
 11
 12
 13
 14
 15
 16
 17
 18
 19
 20
 21
 22
 23
 5776042
 1
 2
 3
 34359738363
 433
 434
 435
 436
 437
 438
 439
 440
 441
 442
 443
 444
 445
 446
 447
 448
 449
 450
 451
 452
 453
 454
 455
 456
 457
 458
 459
 460
 461
 462
 463
 464
 449
 447
 34159201895
 34159201896
 444
 8
 9
 10
 11
 12
 13
 14
 15
 16
 24
 445
 446
 448
 4
 5
 6
 7
 177
 178
 179
 180
 182
 183
 184
 185
 186
 187
 188
 189
 190
 191
 192
 195
 34159201373
 34159201370
 137
 138
 23114707664
 1
 2
 3
 4
 5
 6
 7
 8
 9
 10
 11
 12
 13
 14
 15
 16
 17
 18
 19
 20
 21
 22
 23
 24
 25
 26
 27
 28
 29
 30
 31
 74
 75
 76
 77
 78
 79
 80
 81
 82
 83
 84
 85
 86
 87
 88
 89
 90
 91
 92
 93
 94
 95
 96
 97
 98
 99
 100
 101
 411
 412
 413
 414
 415
 416
 417
 418
 419
 420
 421
 422
 423
 424
 425
 426
 427
 428
 429
 430
 431
 432
 433
 434
 435
 436
 350
 351
 352
 353
 354
 355
 356
 357
 358
 359
 360
 361
 362
 363
 364
 365
 366
 367
 368
 369
 370
 371
 372
 373
 374
 375
 376
 377
 378
 23114707665
 23114707666
 5775471
 5775920
 5767273
 5767264
 5767265
 5767266
 5767267
 5767268
 5767269
 5767270
 5767271
 5767272
 5767274
 5767275
 5767276
 5767277
 5767278
 5767279
 5767280
 5767281
 5767282
 5767283
 5767284
 5767285
 5767286
 5767287
 5767288
 5767289
 5767290
 5767291
 5767292
 5767293
 5767294
 5767295
 5767296
 23114707667
 23114707668
 5775921
 5767226
 5767200
 5767201
 5767202
 5767203
 5767204
 5767205
 5767206
 5767207
 5767208
 5767209
 5767210
 5767211
 5767212
 5767213
 5767214
 5767215
 5767216
 5767217
 5767218
 5767219
 5767220
 5767221
 5767222
 5767223
 5767224
 5767225
 5767227
 5767228
 5767229
 5767230
 5767231
 5767232
 5775766
 34359738362
 34359738361
 23114707669
 19088
 19089
 19090
 19091
 19092
 19093
 19094
 19095
 19096
 19097
 19098
 19099
 19100
 19101
 19102
 19103
 19104
 19105
 19106
 19107
 19108
 19109
 19110
 19111
 19112
 19113
 19114
 19115
 19116
 19117
 19118
 19119
 13100
 13101
 13102
 13104
 13106
 13112
 13114
 13116
 13117
 13120
 13121
 935
 936
 950
 2931
 2932
 2933
 2935
 2937
 2939
 2940
 2941
 2943
 13486
 13487
 13488
 13498
 13500
 13501
 13502
 13503
 13504
 13505
 16574
 16577
 16578
 16579
 16580
 16581
 16582
 16585
 16588
 16589
 16590
 16591
 8173
 8174
 8175
 8176
 8177
 8179
 8183
 8185
 8186
 8188
 8189
 8190
 11503
 11507
 11511
 11512
 11517
 11519
 11520
 11521
 7113
 7116
 7118
 17127
 17128
 17131
 17132
 17133
 17134
 17135
 17137
 17138
 17140
 17141
 17142
 17143
 17147
 7152
 7153
 7154
 7157
 7159
 7160
 7161
 7166
 7167
 2676
 2677
 2681
 2688
 2691
 2692
 14297
 14299
 14300
 14301
 14302
 14303
 14305
 14307
 1099
 1109
 1110
 1111
 16205
 16206
 16207
 16208
 16209
 16210
 16211
 16212
 16213
 16215
 16217
 16218
 16220
 16223
 6671
 6672
 6673
 6674
 6675
 6676
 6677
 6680
 6681
 6683
 6686
 6692
 6693
 6696
 14347
 14348
 14349
 14355
 14358
 14360
 14864
 14866
 14867
 14868
 14869
 14870
 14871
 14873
 14877
 14878
 14880
 14881
 14883
 14886
 14887
 14888
 17161
 17163
 17165
 17166
 17167
 17168
 17169
 17170
 17172
 17173
 17174
 11661
 11674
 11675
 11676
 11677
 11678
 11680
 5080
 5083
 5084
 5088
 5091
 5093
 5095
 5097
 5100
 5102
 7724
 7725
 7726
 16324
 16327
 16336
 11623
 11625
 11626
 11627
 11630
 11635
 11636
 15874
 15877
 15878
 15879
 2846
 2847
 2849
 2850
 2851
 2852
 2853
 2855
 2856
 2860
 2861
 2862
 2863
 2864
 2865
 2867
 2871
 2873
 2874
 16739
 16744
 16747
 16748
 16749
 16751
 16752
 16753
 16754
 16755
 16757
 16760
 7838
 7848
 7851
 7856
 7866
 16800
 11582
 11583
 11587
 11588
 11589
 11590
 11591
 11592
 11593
 11594
 11595
 11597
 11598
 11599
 11600
 11523
 11524
 11525
 11527
 11528
 11529
 6008
 6009
 6012
 6014
 6015
 6017
 6023
 6024
 11445
 11448
 11449
 11450
 11452
 11454
 11456
 11457
 6729
 6730
 6731
 6732
 6733
 6734
 6735
 6739
 6740
 6742
 6744
 2883
 2884
 2885
 2886
 2888
 2889
 2890
 2891
 2893
 2894
 2895
 2896
 2898
 2899
 2900
 2901
 2902
 2903
 2906
 2907
 2909
 2910
 6298
 6300
 6303
 6305
 8553
 8554
 8555
 8761
 8765
 8766
 1750
 1752
 1756
 1758
 1761
 1765
 1769
 19120
 19121
 19122
 19123
 19124
 19125
 19126
 19127
 19128
 19129
 19130
 19131
 19132
 19133
 19134
 19135
 19136
 19137
 19138
 19139
 19140
 19141
 19142
 19143
 19144
 19145
 19146
 19147
 19148
 19149
 19150
 19151
 6378
 6382
 6386
 6387
 6388
 8233
 8241
 7391
 7402
 2822
 2826
 2828
 2829
 2831
 2832
 2833
 2834
 2837
 2840
 2228
 2229
 2232
 2233
 2234
 2236
 2239
 2245
 2247
 3675
 3680
 3682
 3687
 3689
 14337
 14338
 14339
 5018
 5019
 5020
 5021
 5022
 5023
 5024
 5025
 5026
 5028
 5029
 5032
 5033
 5034
 5037
 5038
 5040
 5041
 5042
 5043
 5044
 5045
 5046
 3115
 3123
 3124
 3125
 3126
 3130
 3131
 3132
 3133
 3135
 3136
 3138
 3140
 3141
 3142
 3143
 3144
 3145
 3146
 7869
 7872
 7874
 7876
 7878
 7885
 7889
 15416
 15417
 15418
 15419
 15420
 15421
 15422
 15423
 15425
 15426
 15427
 15428
 15429
 15430
 15432
 15436
 15437
 15438
 15440
 15441
 13877
 13879
 13881
 13882
 13883
 13884
 13885
 13887
 13889
 13891
 8811
 8812
 8813
 8815
 8816
 8817
 8818
 8819
 8820
 8821
 8822
 8823
 8826
 8318
 8320
 8321
 8323
 8324
 8325
 8327
 8328
 8333
 8335
 8613
 8614
 8615
 8616
 8619
 8620
 8622
 8623
 8624
 8625
 8627
 8628
 8629
 8630
 8631
 11478
 11491
 11494
 11495
 11496
 11499
 11500
 11501
 17075
 17076
 17077
 17078
 17082
 17083
 17086
 17088
 17089
 17090
 17091
 17092
 17093
 17095
 17096
 17098
 3881
 3883
 3884
 3885
 3887
 3450
 3453
 3455
 3456
 3457
 3458
 3460
 1010
 1011
 4620
 4622
 4623
 4628
 4632
 16024
 16026
 16028
 16029
 16034
 16037
 16039
 16040
 16041
 16042
 16049
 9195
 9196
 9197
 9198
 9199
 9200
 9201
 16013
 16015
 16017
 16023
 8336
 8337
 8339
 8340
 8341
 8342
 8356
 6585
 6586
 6590
 6593
 6594
 6595
 6600
 8985
 8989
 8990
 8991
 8992
 8996
 8997
 8998
 8999
 9000
 13156
 13158
 13159
 13160
 13161
 13162
 13163
 13164
 13165
 13166
 13167
 13170
 13171
 13172
 13173
 13179
 13180
 15607
 15609
 15610
 15611
 15612
 9611
 9615
 9617
 9619
 9621
 9622
 9625
 17102
 17103
 17105
 17113
 17115
 17117
 17119
 17120
 17121
 17122
 17123
 17124
 17126
 2536
 2548
 2551
 2552
 1808
 1819
 14626
 14378
 14379
 14383
 14384
 14390
 14392
 3827
 3828
 3831
 3832
 3833
 3834
 3837
 3839
 3845
 3848
 17354
 17359
 17360
 17364
 17365
 17366
 17367
 17368
 17369
 17370
 17372
 17373
 17375
 17376
 17377
 17378
 17379
 17381
 17383
 13932
 13933
 13934
 13935
 13936
 13937
 8104
 8105
 8106
 8110
 8111
 8112
 8115
 8116
 8119
 8125
 3501
 3198
 3204
 3209
 14809
 14810
 14811
 14812
 14813
 14814
 14816
 14818
 14820
 14821
 14822
 14823
 11403
 11408
 11409
 11410
 11411
 11412
 11413
 11414
 11415
 11416
 11417
 11420
 11423
 5944
 5945
 5946
 5947
 5948
 5949
 5951
 5952
 5953
 5954
 5955
 5956
 3294
 3295
 3296
 3297
 3300
 3301
 3302
 3303
 3304
 3305
 3306
 3307
 3308
 3309
 3310
 3312
 3313
 3314
 3315
 3316
 3318
 3319
 1377
 1378
 1381
 1385
 1386
 1387
 1389
 1397
 1398
 1402
 6144
 6147
 6158
 6159
 6163
 6165
 6166
 6171
 6172
 13749
 13750
 13753
 13754
 13755
 13758
 13759
 13760
 13761
 13762
 13763
 13765
 13766
 13767
 13768
 13769
 13770
 13771
 13772
 13773
 13774
 13775
 13776
 13777
 2186
 2188
 2193
 2194
 2195
 2196
 2199
 2200
 2202
 13554
 13555
 13559
 13560
 13562
 13563
 13565
 13567
 13569
 3224
 3232
 3233
 11424
 11425
 11427
 11431
 11433
 3072
 3075
 3076
 3077
 3078
 3079
 3080
 3081
 3082
 3083
 3085
 3090
 3091
 3092
 3093
 3094
 2608
 2615
 15497
 15498
 15503
 15504
 15505
 15513
 15514
 15516
 15518
 3354
 3356
 3357
 3359
 3360
 3363
 3368
 3370
 3371
 3372
 3375
 3377
 3382
 3698
 3699
 3700
 3701
 3704
 8361
 8367
 8373
 8375
 13643
 13645
 13648
 13649
 19152
 19153
 19154
 19155
 19156
 19157
 19158
 19159
 19160
 19161
 19162
 19163
 19164
 19165
 19166
 19167
 19168
 19169
 19170
 19171
 19172
 19173
 19174
 19175
 19176
 19177
 19178
 19179
 19180
 19181
 19182
 19183
 2499
 2506
 2508
 2509
 2510
 2512
 2514
 2517
 2518
 2519
 15978
 15980
 15981
 15982
 15985
 15987
 15988
 15990
 15991
 15993
 15994
 15996
 15997
 16000
 15332
 15333
 15334
 15348
 15352
 15356
 15357
 15358
 15359
 15360
 16046
 16050
 16052
 16053
 16054
 16057
 16059
 16060
 16090
 16092
 16094
 16096
 16097
 16098
 16099
 16103
 1205
 1210
 1217
 1218
 3559
 3560
 3561
 3564
 3565
 13378
 13379
 13381
 13387
 13388
 13389
 13391
 13392
 13393
 13394
 13396
 13397
 13399
 13400
 13401
 13402
 13406
 6875
 6876
 6877
 6882
 6884
 6885
 6886
 6887
 6888
 6889
 6898
 6900
 6903
 15615
 15616
 15624
 17049
 17053
 17055
 17056
 17057
 17058
 17063
 1622
 1623
 1624
 1626
 1627
 1628
 1632
 1633
 1634
 1640
 1641
 1643
 8155
 8156
 8157
 8165
 8169
 8171
 4546
 4561
 3725
 3726
 3729
 3731
 3732
 3736
 3737
 3741
 11704
 11706
 11708
 11709
 11710
 11711
 7173
 7174
 7178
 7179
 7180
 7181
 7183
 7184
 7186
 7187
 7189
 7190
 7191
 7193
 7195
 7196
 8523
 8524
 8525
 8527
 8531
 8532
 8533
 8535
 8536
 8541
 8542
 8544
 8546
 15256
 15280
 9675
 9676
 9677
 9679
 9680
 9682
 9685
 9687
 9688
 9880
 9881
 9882
 9883
 9884
 9885
 9886
 9887
 9888
 9889
 9890
 9891
 9892
 9893
 9894
 9895
 9896
 9897
 9898
 9899
 9900
 9901
 9902
 9903
 9904
 9905
 9906
 9907
 9908
 9909
 9910
 9911
 3785
 3789
 3790
 3791
 3796
 3797
 3799
 3800
 3801
 3802
 3804
 3806
 3808
 3810
 3811
 9129
 9130
 9131
 9133
 9138
 9139
 9140
 9141
 9142
 9143
 9144
 6247
 6249
 6250
 6251
 6254
 6255
 6256
 6257
 6260
 6261
 6275
 16630
 16632
 16633
 16636
 16639
 16642
 16644
 16645
 16646
 16647
 16648
 16649
 16650
 16651
 16652
 16654
 16655
 16656
 16657
 16659
 16661
 11570
 11572
 11573
 11574
 11576
 11578
 11579
 11580
 11581
 11363
 11364
 11365
 11366
 11367
 11368
 11369
 11370
 11371
 11372
 11373
 11374
 11375
 11376
 11377
 11378
 11379
 11382
 11384
 11389
 12626
 12627
 12628
 12629
 12630
 12631
 12632
 12633
 12634
 12635
 12636
 12637
 12638
 12639
 12640
 12641
 12642
 12643
 12644
 12645
 12646
 12647
 12648
 12649
 12650
 12651
 12652
 12653
 12654
 12655
 12656
 12657
 2992
 2994
 2995
 2998
 2999
 13414
 13415
 13416
 13417
 13418
 9439
 9446
 9448
 9449
 9450
 9455
 9457
 3721
 3723
 5340
 5345
 5350
 5352
 5353
 5354
 5355
 5361
 13797
 5399
 5405
 5406
 5407
 5412
 7785
 7788
 7790
 7792
 7793
 7794
 7795
 7796
 7797
 7799
 7800
 6938
 6940
 6941
 6942
 6947
 6949
 6950
 6951
 6952
 6953
 6954
 11212
 11213
 11214
 11215
 11216
 11217
 11218
 11219
 11220
 11221
 11222
 11223
 11224
 11225
 11226
 11227
 11228
 11229
 11230
 11231
 11232
 11233
 11234
 11235
 11236
 11237
 11238
 11239
 11240
 11241
 11242
 11243
 15157
 15163
 15165
 15167
 15168
 15171
 15172
 17327
 17330
 17331
 17332
 17333
 17335
 17336
 17338
 17339
 17340
 17343
 17346
 8896
 8897
 8898
 8899
 8900
 8901
 8902
 8903
 8905
 8909
 6067
 6075
 6076
 6079
 6080
 6082
 6083
 6085
 12292
 12293
 12294
 12295
 12296
 12297
 12298
 12299
 12300
 12301
 12302
 12303
 12304
 12305
 12306
 12307
 12308
 12309
 12310
 12311
 12312
 12313
 12314
 12315
 12316
 12317
 12318
 12319
 12320
 12321
 12322
 12323
 12798
 12799
 12800
 12801
 12802
 12805
 12806
 12807
 12809
 12810
 12811
 12813
 12814
 12815
 12817
 12820
 13666
 13667
 13668
 13669
 13671
 8203
 8204
 8205
 8206
 8208
 8212
 2337
 2338
 2339
 2341
 2342
 2343
 2346
 2347
 2349
 2350
 2360
 5143
 5146
 5158
 16524
 16525
 16526
 16527
 16528
 16529
 16530
 16531
 16533
 16534
 16535
 16536
 16537
 13591
 13593
 13596
 2728
 2734
 2738
 2739
 2742
 2744
 2745
 2746
 2750
 2752
 2753
 2756
 2757
 2758
 10879
 10880
 10881
 10882
 10883
 10884
 10885
 10886
 10887
 10888
 10889
 10890
 10891
 10892
 10893
 10894
 10895
 10896
 10897
 10898
 10899
 10900
 10901
 10902
 10903
 10904
 10905
 10906
 10907
 10908
 10909
 10910
 3606
 3608
 3609
 3610
 3611
 3612
 3613
 3616
 3618
 3620
 3621
 3622
 3623
 3624
 3625
 3627
 3628
 13126
 13128
 13129
 13131
 13132
 13133
 13134
 13136
 13137
 13138
 13139
 13141
 13142
 13143
 13144
 13145
 13146
 12871
 12873
 12875
 12876
 15001
 15003
 15004
 15006
 15007
 15008
 15009
 15010
 15011
 15012
 15013
 15015
 15017
 15019
 15021
 15022
 15023
 15024
 8649
 8650
 8651
 8652
 8653
 8654
 8655
 8656
 8657
 8658
 8659
 8660
 8662
 8664
 2591
 8132
 8137
 8145
 8148
 8149
 8150
 8151
 14473
 14474
 14475
 14476
 14479
 14480
 14482
 14485
 14488
 14494
 14497
 6804
 6805
 6806
 6807
 6809
 6811
 6812
 6815
 6816
 6817
 6818
 6819
 6820
 6821
 6822
 6823
 11959
 11960
 11961
 11962
 11963
 11964
 11965
 11966
 11967
 11968
 11969
 11970
 11971
 11972
 11973
 11974
 11975
 11976
 11977
 11978
 11979
 11980
 11981
 11982
 11983
 11984
 11985
 11986
 11987
 11988
 11989
 11990
 16201
 16202
 16203
 3445
 14766
 14767
 14768
 14769
 14770
 14771
 14772
 14774
 14775
 14776
 14784
 7210
 7211
 7213
 7216
 7218
 7220
 7222
 7225
 7226
 7227
 7228
 19184
 19185
 19186
 19187
 19188
 19189
 19190
 19191
 19192
 19193
 19194
 19195
 19196
 19197
 19198
 19199
 19200
 19201
 19202
 19203
 19204
 19205
 19206
 19207
 19208
 19209
 19210
 19211
 19212
 19213
 19214
 19215
 16619
 16620
 16623
 16626
 14702
 14703
 14704
 14707
 14708
 14711
 14713
 14715
 14718
 14719
 13719
 13720
 13723
 13725
 13727
 13732
 13746
 13747
 2248
 2252
 2253
 2254
 2259
 2260
 2261
 2262
 2263
 2264
 2265
 2272
 3399
 3402
 3403
 3410
 3412
 3413
 2367
 2370
 2372
 2373
 2374
 2375
 2376
 2377
 2378
 2379
 2380
 2381
 2383
 2384
 2392
 10546
 10547
 10548
 10549
 10550
 10551
 10552
 10553
 10554
 10555
 10556
 10557
 10558
 10559
 10560
 10561
 10562
 10563
 10564
 10565
 10566
 10567
 10568
 10569
 10570
 10571
 10572
 10573
 10574
 10575
 10576
 10577
 8091
 8095
 8097
 8099
 3653
 3657
 3658
 3659
 3662
 3664
 3666
 3667
 3668
 8756
 8757
 8759
 8770
 8771
 8772
 8776
 3753
 3754
 3755
 3758
 3759
 3761
 3764
 3765
 3766
 3769
 3770
 3773
 2878
 2879
 2880
 2881
 2882
 9491
 9492
 9498
 9499
 9500
 9501
 9505
 9506
 9520
 8478
 8479
 8482
 8483
 8484
 8485
 8486
 8489
 8491
 8492
 8493
 8494
 8495
 14423
 14425
 14426
 14427
 14430
 14436
 14437
 14439
 14440
 14446
 14448
 14449
 16681
 16686
 16690
 16691
 16692
 16695
 16696
 15562
 15563
 15564
 15565
 15571
 15572
 15574
 15575
 15576
 15577
 15580
 5127
 5128
 16332
 16333
 16335
 16337
 16338
 16339
 16340
 16341
 16342
 16344
 3387
 3388
 5962
 5963
 5964
 5966
 5967
 5968
 5970
 5974
 2622
 2623
 2625
 2626
 2627
 2628
 2633
 2634
 2635
 6761
 5592
 5596
 5597
 5598
 5600
 5604
 5605
 10214
 10215
 10216
 10217
 10218
 10219
 10220
 10221
 10222
 10223
 10224
 10225
 10226
 10227
 10228
 10229
 10230
 10231
 10232
 10233
 10234
 10235
 10236
 10237
 10238
 10239
 10240
 10241
 10242
 10243
 10244
 10245
 15771
 15772
 15773
 15774
 15775
 15776
 15777
 15778
 15779
 15780
 15781
 15782
 15783
 15784
 33
 34
 35
 36
 37
 38
 39
 40
 41
 42
 43
 44
 45
 46
 47
 48
 49
 50
 51
 52
 53
 54
 55
 56
 57
 58
 59
 60
 61
 62
 63
 64
 1050
 1051
 1052
 1053
 1055
 1063
 1065
 1066
 1067
 1068
 1075
 1076
 16
 17
 18
 19
 20
 21
 22
 23
 24
 25
 26
 27
 28
 29
 30
 31
 32
 5617
 5627
 5628
 5629
 5631
 5632
 5637
 5638
 1
 2
 3
 4
 5
 6
 7
 8
 9
 10
 11
 12
 13
 14
 15
 3743
 3745
 3747
 3748
 3749
 3750
 3751
 13896
 13897
 13898
 13899
 13900
 13902
 13903
 3566
 3567
 3568
 3570
 3572
 3573
 3576
 3577
 3581
 3582
 3585
 3587
 3590
 3669
 3676
 3677
 4647
 4649
 4650
 4651
 4652
 4654
 4658
 4659
 4661
 4662
 3891
 3893
 3894
 3895
 3896
 3898
 3899
 3900
 3901
 3902
 3903
 3905
 3906
 3907
 3911
 3913
 3914
 3915
 15634
 15636
 15638
 15650
 16770
 16773
 16774
 16778
 16781
 16782
 16783
 16786
 16787
 65
 66
 67
 68
 69
 70
 71
 72
 73
 74
 75
 76
 77
 78
 79
 80
 81
 82
 83
 84
 85
 86
 87
 88
 89
 90
 8383
 8386
 8392
 8393
 8398
 8399
 8403
 8404
 934
 946
 948
 949
 953
 957
 961
 13537
 13538
 13539
 13542
 13544
 13545
 13548
 13549
 13550
 13551
 929
 6839
 6840
 6841
 6843
 6845
 6847
 6848
 6851
 6852
 6853
 6854
 6855
 16841
 16842
 16843
 16845
 16846
 16849
 16850
 16853
 16855
 16856
 15123
 15124
 15125
 15127
 15128
 15130
 15131
 15133
 15135
 15138
 15139
 15140
 15141
 15142
 2268
 2276
 2277
 2278
 2282
 2283
 2284
 2288
 2289
 2948
 2949
 2951
 2953
 2959
 16224
 16225
 16226
 16227
 16228
 16229
 16230
 16231
 16232
 16233
 16234
 16235
 14543
 14555
 14556
 14558
 14559
 14560
 14561
 14562
 14563
 14564
 14568
 13521
 13530
 13531
 13532
 13533
 16810
 16813
 16819
 16821
 16822
 16823
 3290
 3291
 3292
 3293
 13175
 13181
 13182
 13183
 13185
 15561
 15566
 15567
 15569
 15573
 6778
 6779
 6782
 6784
 6785
 6786
 6787
 6788
 6789
 6790
 6794
 4539
 4540
 4541
 4542
 4544
 4547
 4548
 4549
 4550
 4551
 4552
 4555
 4556
 4559
 4560
 4562
 4563
 4564
 4565
 4567
 4568
 4569
 4570
 15106
 15107
 15108
 15109
 15110
 15112
 15113
 15114
 15115
 15116
 15117
 15118
 15120
 12959
 12960
 12962
 12963
 12965
 12966
 12973
 12974
 12975
 2710
 2715
 2716
 2717
 2718
 2720
 2721
 2722
 2723
 2725
 2726
 2727
 16107
 16108
 1361
 1362
 1368
 1370
 6904
 6906
 6909
 6910
 6912
 6914
 6915
 6916
 6917
 6918
 6922
 6923
 6924
 6925
 6927
 6928
 6929
 6493
 6496
 6497
 6503
 6504
 6511
 17196
 17197
 17199
 17200
 17203
 17205
 17207
 17209
 17210
 17211
 17212
 17213
 17214
 17215
 17216
 17219
 17221
 17222
 17225
 3776
 3778
 3781
 3782
 3784
 5380
 8462
 8465
 8469
 8470
 8471
 8472
 8473
 8477
 8257
 4571
 4573
 4575
 4579
 4580
 4581
 4583
 4585
 7286
 7288
 7299
 7300
 7302
 15346
 15347
 15349
 15361
 15362
 15363
 15365
 15366
 15369
 15371
 15372
 15373
 15374
 15377
 9003
 9013
 9016
 9018
 9020
 9021
 9022
 9027
 9028
 9029
 9030
 9031
 9032
 9033
 16387
 16390
 16391
 16394
 16395
 16396
 16398
 16399
 16401
 16402
 16404
 16407
 16408
 16411
 13826
 13827
 13828
 13830
 13835
 13836
 13842
 13844
 13845
 8678
 8679
 8680
 8681
 8683
 8684
 8685
 8688
 8689
 8690
 8691
 8692
 8693
 8694
 8695
 8696
 1134
 1137
 1138
 13583
 3245
 3247
 3253
 3256
 3260
 3261
 3262
 3266
 3271
 14953
 14955
 14962
 14964
 14965
 14966
 14968
 7706
 7707
 7709
 7710
 7712
 7713
 7714
 7715
 7716
 7717
 7718
 7719
 7720
 7598
 7599
 7601
 7603
 7610
 7611
 7612
 7614
 7615
 7616
 7617
 7618
 7620
 7624
 7625
 19216
 19217
 19218
 19219
 19220
 19221
 19222
 19223
 19224
 19225
 19226
 19227
 19228
 19229
 19230
 19231
 19232
 19233
 19234
 19235
 19236
 19237
 19238
 19239
 19240
 19241
 19242
 19243
 19244
 19245
 19246
 19247
 11760
 11767
 11769
 11770
 11772
 11773
 11774
 11775
 11776
 17289
 17292
 17294
 17296
 17297
 17299
 17310
 17311
 17313
 4675
 4676
 4683
 4686
 4687
 4688
 4691
 4694
 4695
 4696
 4697
 4698
 4699
 4700
 4701
 4702
 4703
 4704
 4705
 4706
 8936
 8937
 8938
 8939
 8940
 8941
 8943
 8944
 8945
 8947
 8949
 8950
 8951
 8952
 15472
 15473
 15474
 15478
 15479
 15480
 15481
 15483
 15484
 15485
 15486
 15487
 15491
 15493
 15673
 15674
 15675
 15676
 15678
 15679
 15680
 15681
 15684
 15685
 15686
 15688
 6437
 6439
 6440
 9597
 9602
 14185
 14186
 14192
 14193
 14198
 14199
 14203
 14204
 14207
 14210
 14213
 6319
 6322
 6324
 6326
 6328
 6329
 6331
 6332
 6333
 6334
 6335
 6181
 6187
 6188
 6189
 6190
 6192
 6193
 6194
 6195
 6196
 6200
 15720
 15721
 15722
 15723
 15724
 15726
 15727
 15728
 15729
 15732
 15733
 15736
 15739
 15740
 15742
 15745
 15746
 15747
 15749
 15750
 15751
 13287
 13288
 13289
 13290
 13291
 13292
 13293
 13294
 13295
 13296
 13297
 13298
 13302
 13309
 13310
 6217
 6218
 6219
 6220
 6221
 6223
 6224
 6225
 6228
 6229
 6230
 6231
 6234
 6235
 6236
 6237
 6239
 6240
 6241
 6242
 6243
 15442
 15443
 15444
 15445
 15447
 15448
 3816
 3817
 3818
 3819
 3820
 3821
 7197
 7199
 7200
 7201
 7202
 7203
 7204
 7205
 7207
 7208
 7209
 3484
 3499
 5192
 5193
 5194
 5195
 5196
 5197
 5198
 5199
 5200
 5203
 5204
 5206
 5207
 5208
 5214
 5215
 5216
 5221
 5222
 3322
 3323
 3324
 3325
 3326
 3328
 3329
 3330
 3331
 3332
 3335
 3338
 3339
 3343
 3344
 3346
 14697
 14699
 14700
 14701
 14712
 2310
 2313
 3020
 3022
 3023
 3024
 3027
 3028
 3029
 3030
 3031
 3032
 3033
 3034
 3035
 3036
 3038
 3039
 3040
 3042
 3043
 3044
 3047
 8569
 8570
 8571
 8572
 8573
 8574
 8577
 8578
 8579
 8580
 8581
 8582
 8587
 8589
 6796
 6801
 6803
 2207
 2208
 2210
 2211
 2219
 2220
 2221
 2222
 2223
 9451
 9452
 9453
 9454
 9459
 9462
 9466
 7393
 7394
 7395
 7396
 7397
 7398
 7399
 7400
 11554
 11555
 11556
 11557
 11558
 11559
 11560
 11561
 11562
 11563
 11564
 11566
 5449
 5453
 5454
 5458
 7545
 7551
 7552
 7553
 7554
 7558
 5752
 5757
 5758
 5759
 5764
 5765
 5767
 15192
 15194
 15195
 15197
 15199
 15200
 15201
 6039
 6043
 6044
 6045
 6046
 6054
 6058
 6059
 6066
 8364
 8365
 8366
 8371
 14732
 14734
 14735
 14736
 14737
 14738
 14739
 14741
 14742
 14744
 14746
 5166
 5167
 5168
 5169
 5170
 5172
 5173
 5174
 5176
 5178
 5179
 17272
 17273
 17274
 17276
 17279
 17280
 12889
 12890
 12891
 12892
 12893
 12896
 12899
 12902
 12903
 12904
 12906
 12908
 12909
 12911
 12912
 12914
 12916
 12917
 12918
 5480
 5481
 5483
 5484
 5485
 5489
 5490
 5491
 5492
 5493
 5494
 5495
 5497
 5500
 5502
 5505
 9097
 9098
 9099
 9100
 9101
 9102
 9103
 9104
 9105
 9106
 9108
 9109
 9110
 9111
 9112
 9282
 9283
 9288
 9296
 9310
 380
 381
 379
 378
 377
 376
 375
 374
 382
 373
 371
 370
 369
 368
 384
 364
 23043463134
 361
 363
 362
 360
 356
 358
 357
 359
 355
 367
 66
 16
 15
 14
 13
 12
 11
 10
 9
 7382
 7381
 7380
 7379
 23043462804
 23043462808
 23043462813
 23043463056
 18752
 18751
 18750
 18749
 18748
 18747
 18746
 18745
 23043462583
 23043463122
 23043463139
 23043462680
 190
 5276063
 87
 6717
 18668
 15270
 15269
 3332
 18714
 18713
 18712
 18711
 542
 15788
 7832
 90
 7134
 7133
 7132
 7131
 7130
 7129
 7128
 7127
 7126
 7125
 7124
 7123
 7122
 7121
 112
 7119
 9708
 9707
 355
 869
 2410
 8513
 17204
 10
 17152
 17151
 17150
 17149
 23043463022
 16502
 5767209
 5767208
 431
 14300
 16619
 5132
 18653
 18652
 14201
 733
 16507
 6196
 3021
 18710
 18709
 18708
 18707
 18659
 89
 88
 2351
 2353
 2365
 2366
 17065
 17067
 17069
 17070
 17071
 17073
 16938
 16939
 16940
 16941
 16944
 16945
 16946
 16947
 16948
 16950
 16953
 1736
 1737
 1738
 1739
 1742
 1744
 1745
 1746
 1747
 1748
 1749
 13147
 13148
 13149
 13150
 13151
 13152
 13154
 13451
 13453
 13454
 13455
 13456
 13457
 13458
 13459
 13460
 13461
 13462
 15040
 15041
 15042
 15043
 15044
 15045
 15049
 15051
 15052
 15053
 15055
 15056
 15057
 15058
 15059
 15060
 15061
 15062
 15064
 15065
 9557
 9558
 9568
 9569
 65
 66
 67
 68
 69
 70
 71
 72
 73
 75
 76
 81
 82
 84
 1
 2
 3
 4
 5
 6
 4718593
 290
 291
 14983
 14984
 14985
 14987
 14988
 14989
 14990
 14991
 14992
 14993
 14994
 14995
 14996
 14997
 14998
 14999
 7448
 7449
 7451
 7452
 7453
 7454
 7456
 7457
 7458
 7459
 7460
 7461
 7462
 7464
 13704
 13706
 13707
 14410
 14411
 14412
 14414
 14415
 14417
 14421
 14422
 8830
 5223
 5225
 5226
 5227
 6541
 6556
 6557
 6559
 6562
 6565
 6567
 2439
 2440
 7370
 7371
 7373
 7374
 7375
 7376
 7383
 7384
 7386
 7756
 7757
 7759
 7760
 7761
 7762
 7763
 7765
 7766
 7767
 7768
 83
 84
 85
 86
 87
 88
 89
 90
 92
 94
 95
 96
 97
 98
 99
 102
 103
 104
 105
 106
 107
 108
 109
 110
 111
 112
 113
 114
 304
 305
 306
 313
 316
 319
 320
 321
 322
 323
 324
 325
 326
 327
 330
 331
 5252284
 5251281
 5243099
 5243072
 5243073
 5243074
 5243075
 5243076
 5243077
 5243078
 5243079
 5243080
 5243081
 5243082
 5243083
 5243084
 5243085
 5243086
 5243087
 5243088
 5243089
 5243090
 5243091
 5243092
 5243093
 5243094
 5243095
 5243096
 5243097
 5243098
 5243100
 5243101
 5243102
 5243103
 5243104
 277
 278
 279
 280
 286
 293
 294
 295
 296
 297
 298
 299
 300
 301
 302
 303
 4235380
 4235392
 225
 226
 227
 228
 229
 230
 231
 232
 233
 235
 236
 237
 238
 239
 5242896
 5242962
 5242944
 5242945
 5242946
 5242947
 5242948
 5242949
 5242950
 5242951
 5242952
 5242953
 5242954
 5242955
 5242956
 5242957
 5242958
 5242959
 5242960
 5242961
 5242963
 5242964
 5242965
 5242966
 5242967
 5242968
 5242969
 5242970
 5242971
 5242972
 5242973
 5242974
 5242975
 5242976
 251
 252
 260
 263
 265
 266
 267
 268
 271
 274
 275
 276
 149
 150
 151
 152
 153
 154
 155
 156
 157
 158
 159
 160
 161
 162
 163
 164
 165
 166
 167
 168
 169
 170
 171
 172
 173
 174
 175
 176
 177
 178
 179
 180
 5242883
 4235393
 4235401
 1
 2
 3
 4
 5
 6
 7
 8
 9
 4235402
 494
 7864327
 495
 1
 2
 3
 4
 5
 6
 7
 8
 9
 10
 11
 12
 13
 14
 15
 16
 17
 18
 19
 20
 21
 22
 23
 24
 25
 26
 27
 28
 29
 30
 31
 895
 896
 897
 898
 899
 900
 901
 902
 903
 904
 905
 906
 907
 908
 909
 910
 911
 912
 913
 914
 915
 916
 917
 918
 919
 920
 921
 922
 923
 924
 925
 926
 32
 33
 34
 35
 36
 37
 38
 39
 40
 41
 42
 43
 44
 45
 46
 47
 48
 49
 50
 51
 52
 53
 54
 55
 56
 57
 58
 59
 60
 61
 62
 63
 64
 65
 66
 67
 68
 69
 70
 71
 72
 73
 74
 75
 76
 77
 78
 79
 80
 81
 82
 83
 84
 85
 86
 87
 88
 89
 90
 91
 92
 93
 94
 95
 96
 97
 98
 99
 100
 101
 102
 103
 104
 105
 106
 107
 108
 109
 110
 111
 112
 113
 114
 115
 116
 117
 118
 119
 120
 121
 122
 123
 124
 125
 126
 127
 128
 129
 130
 131
 132
 133
 134
 135
 136
 137
 138
 139
 140
 141
 142
 143
 144
 145
 146
 147
 148
 149
 150
 151
 152
 153
 154
 155
 156
 157
 158
 159
 160
 161
 162
 163
 164
 165
 166
 167
 168
 169
 170
 171
 172
 173
 174
 175
 176
 177
 178
 179
 180
 181
 182
 183
 184
 185
 186
 187
 188
 189
 190
 191
 192
 193
 194
 195
 196
 197
 198
 199
 200
 201
 202
 203
 204
 205
 206
 207
 208
 209
 210
 211
 212
 213
 214
 215
 216
 217
 218
 219
 220
 221
 222
 223
 224
 225
 226
 227
 228
 229
 230
 231
 232
 233
 234
 235
 236
 237
 238
 239
 240
 241
 242
 243
 244
 245
 246
 247
 248
 249
 250
 251
 252
 253
 254
 255
 256
 257
 258
 259
 260
 261
 262
 263
 264
 265
 266
 267
 268
 269
 270
 271
 272
 273
 274
 275
 276
 277
 278
 279
 280
 281
 282
 283
 284
 285
 286
 287
 288
 289
 290
 291
 292
 293
 294
 295
 296
 297
 298
 299
 300
 301
 302
 303
 304
 305
 306
 307
 308
 309
 310
 311
 312
 313
 314
 315
 316
 317
 318
 319
 320
 321
 322
 323
 324
 325
 326
 327
 328
 329
 330
 331
 332
 333
 334
 335
 336
 337
 338
 339
 340
 341
 342
 343
 344
 345
 346
 347
 348
 349
 350
 351
 352
 353
 354
 355
 356
 357
 358
 359
 360
 361
 362
 363
 364
 365
 366
 367
 368
 369
 370
 371
 372
 373
 374
 375
 376
 377
 378
 379
 380
 381
 382
 383
 384
 385
 386
 387
 388
 389
 390
 391
 392
 393
 394
 395
 396
 397
 398
 399
 400
 401
 402
 403
 404
 405
 406
 407
 408
 409
 410
 411
 412
 413
 414
 415
 416
 417
 418
 419
 420
 421
 422
 423
 424
 425
 426
 427
 428
 429
 430
 431
 432
 433
 434
 435
 436
 437
 438
 439
 440
 441
 442
 443
 444
 445
 446
 447
 448
 449
 450
 451
 452
 453
 454
 455
 456
 457
 458
 459
 460
 461
 462
 463
 464
 465
 466
 467
 468
 469
 470
 471
 472
 473
 474
 475
 476
 477
 478
 479
 480
 481
 482
 483
 484
 485
 486
 487
 488
 489
 490
 491
 492
 493
 494
 495
 496
 497
 498
 499
 500
 501
 502
 503
 504
 505
 506
 507
 508
 509
 510
 511
 512
 513
 514
 515
 516
 517
 518
 519
 520
 521
 522
 523
 524
 525
 526
 527
 528
 529
 530
 531
 532
 533
 534
 535
 536
 537
 538
 539
 540
 541
 542
 543
 544
 545
 546
 547
 548
 549
 550
 551
 552
 553
 554
 555
 556
 557
 558
 559
 560
 561
 562
 563
 564
 565
 566
 567
 568
 569
 570
 571
 572
 573
 574
 575
 576
 577
 578
 579
 580
 581
 582
 583
 584
 585
 586
 587
 588
 589
 590
 591
 592
 593
 594
 595
 596
 597
 598
 599
 600
 601
 602
 603
 604
 605
 606
 607
 608
 609
 610
 611
 612
 613
 614
 615
 616
 617
 618
 619
 620
 621
 622
 623
 624
 625
 626
 627
 628
 629
 630
 631
 632
 633
 634
 635
 636
 637
 638
 639
 640
 641
 642
 643
 644
 645
 646
 647
 648
 649
 650
 651
 652
 653
 654
 655
 656
 657
 658
 659
 660
 661
 662
 663
 664
 665
 666
 667
 668
 669
 670
 671
 672
 673
 674
 675
 676
 677
 678
 679
 680
 681
 682
 683
 684
 685
 686
 687
 688
 689
 690
 691
 692
 693
 694
 695
 696
 697
 698
 699
 700
 701
 702
 703
 704
 705
 706
 707
 708
 709
 710
 711
 712
 713
 714
 715
 716
 717
 718
 719
 720
 721
 722
 723
 724
 725
 726
 727
 728
 729
 730
 731
 732
 733
 734
 735
 736
 737
 738
 739
 740
 741
 742
 743
 744
 745
 746
 747
 748
 749
 750
 751
 752
 753
 754
 755
 756
 757
 758
 759
 760
 761
 762
 763
 764
 765
 766
 767
 768
 769
 770
 771
 772
 773
 774
 775
 776
 777
 778
 779
 780
 781
 782
 783
 784
 785
 786
 787
 788
 789
 790
 791
 792
 793
 794
 795
 796
 797
 798
 799
 800
 801
 802
 803
 804
 805
 806
 807
 808
 809
 810
 811
 812
 813
 814
 815
 816
 817
 818
 819
 820
 821
 822
 823
 824
 825
 826
 827
 828
 829
 830
 831
 832
 833
 834
 835
 836
 837
 838
 839
 840
 841
 842
 843
 844
 845
 846
 847
 848
 849
 850
 851
 852
 853
 854
 855
 856
 857
 858
 859
 860
 861
 862
 863
 864
 865
 866
 867
 868
 869
 870
 871
 872
 873
 874
 875
 876
 877
 878
 879
 880
 881
 882
 883
 884
 885
 886
 887
 888
 889
 890
 891
 892
 893
 894
 927
 1
 2
 3
 4
 5
 6
 7
 8
 9
 10
 11
 12
 13
 19
 20
 21
 22
 23
 24
 25
 26
 27
 28
 29
 30
 31
 5275666
 1
 2
 3
 4
 5
 6
 7
 8
 9
 10
 11
 12
 13
 14
 15
 16
 17
 18
 19
 20
 21
 22
 23
 24
 25
 26
 27
 28
 29
 30
 31
 4235403
 55
 63
 64
 65
 69
 71
 72
 73
 74
 75
 76
 77
 78
 79
 80
 81
 82
 4235408
 5251286
 5254466
 5243037
 5243008
 5243009
 5243010
 5243011
 5243012
 5243013
 5243015
 5243016
 5243017
 5243018
 5243019
 5243020
 5243021
 5243022
 5243023
 5243024
 5243025
 5243026
 5243027
 5243028
 5243029
 5243030
 5243031
 5243032
 5243033
 5243034
 5243035
 5243036
 5243038
 5243039
 5243040
 5243052
 5243041
 5243042
 5243043
 5243044
 5243045
 5243046
 5243047
 5243048
 5243049
 5243050
 5243051
 5243053
 5243054
 5243055
 5243056
 5243057
 5243058
 5243059
 5243060
 5243061
 5243062
 5243063
 5243064
 5243065
 5243066
 5243067
 5243068
 5243069
 5243070
 5243071
 5242994
 5242977
 5242978
 5242979
 5242980
 5242981
 5242982
 5242983
 5242984
 5242985
 5242986
 5242987
 5242988
 5242989
 5242990
 5242991
 5242992
 5242993
 5242995
 5242996
 5242997
 5242998
 5242999
 5243000
 5243001
 5243002
 5243003
 5243004
 5243005
 5243006
 5243007
 5242930
 5242912
 5242913
 5242914
 5242915
 5242916
 5242917
 5242918
 5242919
 5242920
 5242921
 5242922
 5242923
 5242924
 5242925
 5242926
 5242927
 5242928
 5242929
 5242931
 5242932
 5242933
 5242934
 5242935
 5242936
 5242937
 5242938
 5242939
 5242940
 5242941
 5242942
 5242943
 5243148
 5243136
 5243137
 5243138
 5243139
 5243140
 5243141
 5243142
 5243143
 5243144
 5243145
 5243146
 5243147
 5243149
 5243150
 5243151
 5243152
 5243153
 5243154
 5243155
 5243156
 5243157
 5243158
 5243159
 5243160
 5243161
 5243162
 5243163
 5243164
 5243165
 5243166
 5243167
 5243168
 85
 86
 87
 88
 89
 90
 91
 92
 93
 94
 95
 96
 102
 103
 104
 5278623
 1
 2
 3
 5277015
 1
 2
 3
 5276291
 1
 2
 3
 5276077
 1
 2
 3
 5276068
 1
 2
 3
 5276731
 1
 2
 3
 5276089
 1
 2
 3
 5276088
 1
 2
 3
 5275797
 1
 2
 3
 5276090
 1
 2
 3
 5278602
 1
 2
 3
 5277062
 1
 2
 3
 5276050
 1
 2
 3
 5277787
 1
 2
 3
 5278612
 1
 2
 3
 5276293
 1
 2
 3
 5276687
 1
 2
 3
 5277818
 1
 2
 3
 5277013
 1
 2
 3
 1
 2
 3
 5278600
 1
 2
 3
 5276049
 1
 2
 3
 5276936
 1
 2
 3
 5277016
 1
 2
 3
 5277810
 1
 2
 3
 5275783
 1
 2
 3
 5276081
 1
 2
 3
 5276078
 1
 2
 3
 5276080
 1
 2
 3
 5276163
 1
 2
 3
 5276410
 1
 2
 3
 5276295
 1
 2
 3
 5276044
 1
 2
 3
 5276121
 1
 2
 3
 5276091
 1
 2
 3
 1
 2
 3
 1
 2
 3
 5276565
 1
 2
 3
 5276726
 1
 2
 3
 5276120
 1
 2
 3
 5276937
 1
 2
 3
 5276047
 1
 2
 3
 5276684
 1
 2
 3
 5276048
 1
 2
 3
 5279639
 1
 2
 3
 5278619
 1
 2
 3
 5276693
 1
 2
 3
 5277014
 1
 2
 3
 5276586
 1
 2
 3
 5275651
 1
 2
 3
 5276085
 1
 2
 3
 5276585
 1
 2
 3
 5278605
 1
 2
 3
 5276109
 1
 2
 3
 5276411
 1
 2
 3
 5277104
 1
 2
 3
 5276108
 1
 2
 3
 5277011
 1
 2
 3
 5277811
 1
 2
 3
 5276084
 1
 2
 3
 5277786
 1
 2
 3
 5277782
 1
 2
 3
 5276053
 1
 2
 3
 5276052
 1
 2
 3
 5276692
 1
 2
 3
 5276010
 1
 2
 3
 6291471
 414
 415
 5242882
 324
 325
 5242881
 322
 323
 928
 929
 930
 931
 932
 933
 934
 935
 936
 937
 938
 939
 940
 941
 942
 943
 944
 945
 946
 947
 948
 949
 950
 951
 952
 953
 954
 955
 956
 957
 958
 959
 960
 961
 962
 963
 964
 965
 966
 967
 968
 969
 970
 971
 972
 973
 974
 975
 976
 977
 978
 979
 980
 981
 982
 983
 984
 985
 986
 987
 988
 989
 990
 991
 992
 993
 994
 995
 996
 997
 998
 999
 1000
 1001
 1002
 1003
 1004
 1005
 1006
 1007
 1008
 1009
 1010
 1011
 1012
 1013
 1014
 1015
 1016
 1017
 1018
 1019
 1020
 1021
 1022
 1023
 1024
 1025
 1026
 1027
 1028
 1029
 1030
 1031
 1032
 1033
 1034
 1035
 1036
 1037
 1038
 1039
 1040
 1041
 1042
 1043
 1044
 1045
 1046
 1047
 1048
 1049
 1050
 1051
 1052
 1053
 1054
 1055
 1056
 1057
 1058
 1059
 1060
 1061
 1062
 1063
 1064
 1065
 1066
 1067
 1068
 1069
 1070
 1071
 1072
 1073
 1074
 1075
 1076
 1077
 1078
 1079
 1080
 1081
 1082
 1083
 1084
 1085
 1086
 1087
 1088
 1089
 1090
 1091
 1092
 1093
 1094
 1095
 1096
 1097
 1098
 1099
 1100
 1101
 1102
 1103
 1104
 1105
 1106
 1107
 1108
 1109
 1110
 1111
 1112
 1113
 1114
 1115
 1116
 1117
 1118
 1119
 1120
 1121
 1122
 1123
 1124
 1125
 1126
 1127
 1128
 1129
 1130
 1131
 1132
 1133
 1134
 1135
 1136
 1137
 1138
 1139
 1140
 1141
 1142
 1143
 1144
 1145
 1146
 1147
 1148
 1149
 1150
 1151
 1152
 1153
 1154
 1155
 1156
 1157
 1158
 1159
 1160
 1161
 1162
 1163
 1164
 1165
 1166
 1167
 1168
 1169
 1170
 1171
 1172
 1173
 1174
 1175
 1176
 1177
 1178
 1179
 1180
 1181
 1182
 1183
 1184
 1185
 1186
 1187
 1188
 1189
 1190
 1191
 1192
 1193
 1194
 1195
 1196
 1197
 1198
 1199
 1200
 1201
 1202
 1203
 1204
 1205
 1206
 1207
 1208
 1209
 1210
 1211
 1212
 1213
 1214
 1215
 1216
 1217
 1218
 1219
 1220
 1221
 1222
 1223
 1224
 1225
 1226
 1227
 1228
 1229
 1230
 1231
 1232
 1233
 1234
 1235
 1236
 1237
 1238
 1239
 1240
 1241
 1242
 1243
 1244
 1245
 1246
 1247
 1248
 1249
 1250
 1251
 1252
 1253
 1254
 1255
 1256
 1257
 1258
 1259
 1260
 1261
 1262
 1263
 1264
 1265
 1266
 1267
 1268
 1269
 1270
 1271
 1272
 1273
 1274
 1275
 1276
 1277
 1278
 1279
 1280
 1281
 1282
 1283
 1284
 1285
 1286
 1287
 1288
 1289
 1290
 1291
 1292
 1293
 1294
 1295
 1296
 1297
 1298
 1299
 1300
 1301
 1302
 1303
 1304
 1305
 1306
 1307
 1308
 1309
 1310
 1311
 1312
 1313
 1314
 1315
 1316
 1317
 1318
 1319
 1320
 1321
 1322
 1323
 1324
 1325
 1326
 1327
 1328
 1329
 1330
 1331
 1332
 1333
 1334
 1335
 1336
 1337
 1338
 1339
 1340
 1341
 1342
 1343
 1344
 1345
 1346
 1347
 1348
 1349
 1350
 1351
 1352
 1353
 1354
 1355
 1356
 1357
 1358
 1359
 1360
 1361
 1362
 1363
 1364
 1365
 1366
 1367
 1368
 1369
 1370
 1371
 1372
 1373
 1374
 1375
 1376
 1377
 1378
 1379
 1380
 1381
 1382
 1383
 1384
 1385
 1386
 1387
 1388
 1389
 1390
 1391
 1392
 1393
 1394
 1395
 1396
 1397
 1398
 1399
 1400
 1401
 1402
 1403
 1404
 1405
 1406
 1407
 1408
 1409
 1410
 1411
 1412
 1413
 1414
 1415
 1416
 1417
 1418
 1419
 1420
 1421
 1422
 1423
 1424
 1425
 1426
 1427
 1428
 1429
 1430
 1431
 1432
 1433
 1434
 1435
 1436
 1437
 1438
 1439
 1440
 1441
 1442
 1443
 1444
 1445
 1446
 1447
 1448
 1449
 1450
 1451
 1452
 1453
 1454
 1455
 1456
 1457
 1458
 1459
 1460
 1461
 1462
 1463
 1464
 1465
 1466
 1467
 1468
 1469
 1470
 1471
 1472
 34112115870
 23043456531
 23043456529
 34359738364
 448
 23043463009
 251
 23043462575
 23043462571
 23043463203
 23043463026
 23043463196
 23043463209
 23043462569
 23043463207
 23043462940
 23043463015
 23043456533
 259
 23043456530
 23043463014
 23043462945
 38
 34112114274
 23043463019
 23043462998
 23043463198
 34112114273
 23043463018
 23043463024
 23043463027
 23043463020
 449
 5767781
 5767776
 5767777
 5767778
 5767779
 5767780
 5767782
 5767783
 5767784
 5767785
 5767786
 5767787
 5767788
 5767789
 5767790
 5767791
 5767792
 5767793
 5767794
 5767795
 5767796
 5767797
 5767798
 5767799
 5767800
 5767801
 5767802
 5767803
 5767804
 5767805
 5767806
 5767807
 5767808
 1473
 1474
 1475
 1476
 1477
 1478
 1479
 1480
 1481
 1482
 1483
 1484
 1485
 1486
 1487
 1488
 1489
 1490
 1491
 1492
 1493
 1494
 1495
 1496
 1497
 1498
 1499
 1500
 1501
 1502
 1503
 1504
 1
 2
 3
 34359738366
 4
 5
 6
 7
 8
 9
 10
 11
 12
 13
 14
 15
 16
 15
 32
 37
 38
 39
 40
 41
 42
 43
 44
 38
 37
 34171655914
 12
 34171655910
 34359738365
 1
 2
 3
 4
 5
 6
 7
 8
 17
 18
 19
 20
 21
 22
 23
 5776189
 1
 2
 3
 32
 33
 34
 35
 36
 37
 38
 39
 40
 41
 42
 43
 43
 42
 5776132
 1
 2
 3
 4
 5
 6
 7
 8
 9
 10
 7
 6
 34171655911
 433
 434
 435
 436
 437
 438
 439
 440
 441
 442
 443
 444
 445
 446
 447
 448
 449
 450
 451
 452
 453
 454
 455
 456
 457
 458
 459
 460
 461
 462
 463
 464
 449
 447
 25
 32
 33
 34
 35
 36
 24
 34171655884
 34171655885
 444
 24
 445
 446
 448
 39
 4
 5
 6
 24
 40
 41
 34171653320
 34171654286
 34171654284
 34171654283
 137
 138
 22936082022
 1
 2
 3
 4
 5
 6
 7
 8
 9
 10
 11
 12
 13
 14
 15
 16
 17
 18
 19
 20
 21
 74
 75
 76
 77
 78
 79
 80
 81
 82
 83
 84
 85
 86
 87
 88
 89
 90
 91
 92
 93
 94
 95
 96
 97
 98
 99
 100
 101
 102
 103
 104
 105
 411
 412
 413
 414
 415
 416
 417
 418
 419
 420
 421
 422
 423
 424
 425
 426
 427
 428
 429
 430
 432
 433
 434
 435
 436
 350
 351
 352
 353
 354
 356
 357
 358
 359
 360
 361
 362
 363
 364
 365
 366
 367
 368
 369
 370
 371
 372
 373
 374
 375
 376
 377
 378
 379
 22936082023
 13
 22936082024
 1
 2
 3
 4
 5
 6
 7
 8
 9
 10
 11
 12
 13
 14
 15
 16
 17
 18
 19
 20
 21
 22
 23
 24
 25
 26
 27
 28
 29
 30
 31
 32
 33
 34
 35
 36
 37
 38
 39
 40
 41
 42
 43
 44
 45
 46
 47
 48
 49
 50
 51
 52
 53
 54
 55
 56
 57
