 vmscan: 506
 vmscan: 2442
 vmscan: 536
 vmscan: 6997
 vmscan: 473
 vmscan: 3095
 vmscan: 7013
 vmscan: 644
 vmscan: 2849
 vmscan: 4133
 vmscan: 476
 vmscan: 5305
 vmscan: 4244
 vmscan: 7059
 8399489
 7086285
 8399479
 7602494
 vmscan: 7691
 vmscan: 7692
 vmscan: 7693
 vmscan: 7694
 vmscan: 7695
 vmscan: 7673
 vmscan: 2522
 vmscan: 2536
 vmscan: 4355
 vmscan: 7656
 vmscan: 971
 7241768
 7239729
 4752061
 8399275
 8399331
 8455091
 7239736
 7049272
 7602488
 vmscan: 973
 vmscan: 587
 vmscan: 100
 vmscan: 3101
 vmscan: 586
 vmscan: 4720
 vmscan: 484
 vmscan: 486
 vmscan: 487
 vmscan: 488
 vmscan: 489
 vmscan: 490
 vmscan: 491
 vmscan: 492
 vmscan: 493
 vmscan: 494
 vmscan: 496
 8455074
 8399359
 7086328
 vmscan: 498
 vmscan: 2424
 vmscan: 2425
 vmscan: 2426
 vmscan: 2428
 vmscan: 2429
 vmscan: 2430
 vmscan: 2431
 vmscan: 2432
 8542293
 8399416
 8542315
 8399346
 8542289
 8399502
 8399403
 8399340
 8542297
 7086315
 8542233
 7207500
 vmscan: 1063
 vmscan: 1064
 vmscan: 1065
 vmscan: 1066
 vmscan: 1067
 vmscan: 1068
 vmscan: 1069
 vmscan: 1070
 vmscan: 1071
 vmscan: 1072
 vmscan: 1073
 8400148
 1781
 1782
 1783
 1784
 1785
 1786
 1787
 1788
 1789
 1790
 1791
 1792
 1793
 1794
 1795
 1796
 1797
 1798
 1799
 1800
 1801
 1802
 1803
 1804
 1805
 1806
 1807
 1808
 1809
 systemd-journald[2956
 7165965
 8400142
 7086313
 8399244
 7086299
 8399377
 7086324
 8399368
 7112977
 7207522
 8398177
 1810
 7963669
 7241778
 7673897
 7241786
 8399497
 725
 726
 728
 729
 732
 735
 739
 8399332
 7086325
 systemd-journald[2956
 380
 383
 384
 385
 388
 1695
 1696
 1697
 1698
 1699
 1700
 1701
 1702
 1703
 1704
 1705
 1706
 1707
 1708
 1709
 1710
 1711
 1712
 1713
 1714
 1715
 1716
 1717
 1718
 1719
 systemd-journald[2956
 1720
 1721
 1722
 1723
 1724
 1725
 1726
 7700
 7701
 421
 422
 423
 425
 433
 434
 435
 440
 446
 448
 449
 450
 451
 3136
 3137
 3138
 3139
 3140
 3141
 3142
 3143
 3144
 3145
 3146
 3147
 3148
 3150
 3151
 3152
 3153
 3154
 3155
 3156
 3157
 3159
 3594
 3595
 3596
 3597
 3598
 3599
 3600
 3601
 3602
 3603
 3604
 3605
 3606
 3607
 3608
 3609
 3610
 3611
 3612
 3613
 3614
 3615
 3616
 3617
 3618
 6246
 6247
 6248
 6249
 6250
 6251
 6252
 6253
 6254
 6255
 6256
 6257
 6258
 6259
 6260
 6261
 6262
 6263
 6264
 6265
 6266
 systemd-journald[2956
 6267
 6268
 6269
 6270
 137
 138
 139
 140
 5653
 5654
 5655
 5656
 5657
 5658
 5659
 5660
 5661
 5662
 5663
 5664
 5665
 5666
 5667
 5668
 5669
 5670
 5671
 5672
 5673
 5674
 5675
 5676
 5677
 5678
 5679
 5680
 4229
 4230
 4231
 4232
 4233
 4234
 4235
 4236
 4237
 4238
 4239
 4240
 4241
 4242
 4245
 4246
 4247
 4248
 4249
 4250
 4251
 4252
 4253
 4254
 4255
 4256
 4257
 4258
 4259
 4260
 1416
 1417
 1419
 1424
 1426
 1427
 1429
 1430
 1431
 1433
 1434
 1435
 1436
 1437
 1438
 3563
 3564
 3565
 3566
 3567
 3568
 3569
 3570
 3571
 3572
 3573
 3574
 3575
 3576
 3577
 3578
 3579
 3581
 3582
 3583
 3585
 3586
 3587
 3588
 3589
 3590
 3591
 3592
 3593
 508
 509
 511
 512
 515
 517
 521
 525
 526
 534
 535
 64
 66
 68
 69
 70
 76
 78
 79
 80
 82
 83
 85
 87
 88
 2808
 2809
 2810
 2811
 2812
 2813
 2815
 2816
 2817
 2818
 2819
 2820
 2821
 2822
 2823
 2824
 2825
 2826
 2827
 2828
 2829
 2830
 5227
 5228
 5229
 5230
 5231
 5232
 5233
 5234
 5235
 5236
 5237
 5238
 5239
 5240
 5241
 5242
 5243
 5244
 5245
 5246
 5247
 5248
 5249
 5250
 5251
 5252
 5253
 5254
 5255
 5256
 5257
 5258
 7772
 7773
 7774
 7775
 7791
 7792
 7793
 7794
 7795
 7796
 7797
 7798
 7799
 7800
 7801
 7802
 7803
 552
 554
 555
 556
 557
 558
 561
 562
 563
 570
 572
 573
 574
 578
 vmscan: 1423
 7349505
 8542215
 8399386
 7166014
 8399396
 8542234
 8542339
 7112984
 8398115
 7241779
 7207518
 vmscan: 368
 vmscan: 374
 vmscan: 4409
 vmscan: 4410
 vmscan: 4411
 vmscan: 1447
 vmscan: 1448
 vmscan: 5748
 vmscan: 5749
 vmscan: 5750
 vmscan: 5751
 vmscan: 5752
 vmscan: 6991
 vmscan: 7000
 vmscan: 7001
 vmscan: 7002
 vmscan: 7003
 vmscan: 7004
 vmscan: 7005
 vmscan: 7006
 vmscan: 7008
 vmscan: 7009
 vmscan: 7010
 vmscan: 7011
 vmscan: 7014
 vmscan: 7015
 vmscan: 7016
 vmscan: 7017
 vmscan: 7018
 vmscan: 7019
 vmscan: 4895
 vmscan: 4896
 vmscan: 4897
 vmscan: 4898
 vmscan: 4899
 vmscan: 4900
 vmscan: 4901
 vmscan: 4902
 vmscan: 4903
 vmscan: 4904
 vmscan: 4905
 vmscan: 4906
 vmscan: 4907
 vmscan: 4908
 vmscan: 4909
 vmscan: 4910
 vmscan: 4911
 vmscan: 4912
 vmscan: 4913
 vmscan: 4914
 vmscan: 4915
 vmscan: 4916
 vmscan: 4917
 vmscan: 4918
 vmscan: 5737
 vmscan: 5738
 vmscan: 5739
 vmscan: 5740
 vmscan: 5741
 vmscan: 5742
 vmscan: 5743
 vmscan: 5744
 vmscan: 5745
 vmscan: 5746
 vmscan: 5747
 vmscan: 2831
 vmscan: 2832
 vmscan: 2833
 vmscan: 2834
 vmscan: 2835
 vmscan: 2836
 vmscan: 2837
 vmscan: 2838
 vmscan: 2839
 vmscan: 2840
 vmscan: 2841
 vmscan: 2842
 vmscan: 2843
 vmscan: 2844
 vmscan: 2845
 vmscan: 2846
 vmscan: 2847
 vmscan: 2848
 vmscan: 6576
 vmscan: 6577
 vmscan: 6578
 vmscan: 6579
 vmscan: 6580
 vmscan: 6581
 vmscan: 6582
 vmscan: 6583
 vmscan: 418
 vmscan: 426
 vmscan: 430
 vmscan: 431
 vmscan: 432
 vmscan: 436
 vmscan: 442
 vmscan: 443
 vmscan: 444
 vmscan: 445
 vmscan: 5503
 vmscan: 5504
 vmscan: 5505
 vmscan: 5506
 vmscan: 5507
 vmscan: 5508
 vmscan: 5509
 vmscan: 5510
 vmscan: 5511
 vmscan: 5512
 vmscan: 5513
 vmscan: 5514
 vmscan: 5515
 vmscan: 5516
 vmscan: 5517
 vmscan: 5518
 vmscan: 7456
 vmscan: 7457
 vmscan: 7458
 vmscan: 7459
 vmscan: 7460
 vmscan: 7461
 vmscan: 7462
 vmscan: 7463
 vmscan: 7464
 vmscan: 7465
 vmscan: 7466
 vmscan: 7467
 vmscan: 7468
 vmscan: 7469
 vmscan: 7470
 vmscan: 7471
 vmscan: 7472
 vmscan: 7473
 vmscan: 7474
 vmscan: 7475
 vmscan: 7477
 vmscan: 7478
 vmscan: 596
 vmscan: 7592
 vmscan: 7595
 vmscan: 3400
 vmscan: 3401
 vmscan: 3402
 vmscan: 3403
 vmscan: 3404
 vmscan: 3405
 vmscan: 3406
 vmscan: 3407
 vmscan: 3408
 vmscan: 3409
 vmscan: 3410
 vmscan: 3411
 vmscan: 3412
 vmscan: 3413
 vmscan: 3414
 vmscan: 3415
 vmscan: 3771
 vmscan: 6564
 vmscan: 5603
 vmscan: 6748
 vmscan: 7652
 vmscan: 7658
 vmscan: 900
 vmscan: 189
 vmscan: 7706
 vmscan: 888
 vmscan: 4975
 vmscan: 2478
 vmscan: 2492
 vmscan: 2643
 vmscan: 6768
 vmscan: 6774
 vmscan: 2445
 vmscan: 2446
 vmscan: 2447
 vmscan: 1467
 vmscan: 7086294
 vmscan: 55
 vmscan: 59
 vmscan: 804
 vmscan: 809
 vmscan: 2901
 vmscan: 3075
 vmscan: 4831
 vmscan: 3639
 vmscan: 6391
 vmscan: 6401
 vmscan: 6407
 vmscan: 2694
 vmscan: 5470
 vmscan: 3368
 vmscan: 3369
 vmscan: 3370
 vmscan: 3371
 vmscan: 3372
 vmscan: 3373
 vmscan: 3374
 vmscan: 3375
 vmscan: 3376
 vmscan: 3377
 vmscan: 3378
 vmscan: 3385
 vmscan: 3030
 vmscan: 3037
 vmscan: 7479
 vmscan: 7480
 vmscan: 7481
 vmscan: 7482
 vmscan: 7483
 vmscan: 759
 vmscan: 328
 vmscan: 334
 vmscan: 2512
 vmscan: 760
 vmscan: 764
 vmscan: 773
 vmscan: 774
 vmscan: 775
 vmscan: 2707
 vmscan: 2708
 vmscan: 2709
 vmscan: 2710
 vmscan: 2711
 vmscan: 2712
 vmscan: 2714
 vmscan: 2715
 vmscan: 2716
 vmscan: 2717
 vmscan: 2718
 vmscan: 2719
 vmscan: 2720
 vmscan: 2721
 vmscan: 2722
 vmscan: 2723
 vmscan: 2724
 vmscan: 2725
 vmscan: 2726
 vmscan: 2727
 vmscan: 355
 vmscan: 359
 vmscan: 2104
 vmscan: 2105
 vmscan: 2106
 vmscan: 2107
 vmscan: 2108
 vmscan: 2109
 vmscan: 2110
 vmscan: 2111
 vmscan: 2112
 vmscan: 2113
 vmscan: 2114
 vmscan: 2115
 vmscan: 2116
 vmscan: 2117
 vmscan: 2118
 vmscan: 2119
 vmscan: 2494
 vmscan: 2495
 vmscan: 2496
 vmscan: 2497
 vmscan: 2498
 vmscan: 705
 vmscan: 2879
 vmscan: 121
 vmscan: 2327
 vmscan: 3878
 vmscan: 2504
 vmscan: 1191
 vmscan: 1192
 vmscan: 1193
 vmscan: 1194
 vmscan: 1195
 vmscan: 1196
 vmscan: 1197
 vmscan: 1198
 vmscan: 1199
 vmscan: 1200
 vmscan: 1202
 vmscan: 1203
 vmscan: 1204
 vmscan: 1205
 vmscan: 1206
 vmscan: 1
 vmscan: 2
 vmscan: 3
 vmscan: 4
 vmscan: 5
 vmscan: 6
 vmscan: 823
 vmscan: 837
 vmscan: 3158
 vmscan: 5551
 vmscan: 381
 vmscan: 417
 vmscan: 419
 vmscan: 7740
 vmscan: 7741
 vmscan: 7742
 vmscan: 203
 vmscan: 5991
 vmscan: 7698
 vmscan: 7710
 vmscan: 7711
 vmscan: 879
 vmscan: 886
 vmscan: 887
 vmscan: 4983
 8542220
 vmscan: 71
 vmscan: 5496
 vmscan: 4477
 vmscan: 7684
 vmscan: 929
 vmscan: 217
 7113087
 8398096
 vmscan: 583
 vmscan: 593
 vmscan: 4227072
 vmscan: 3
 vmscan: 4719137
 vmscan: 5
 vmscan: 7632
 vmscan: 7639
 vmscan: 4609
 vmscan: 3580
 vmscan: 3584
 vmscan: 131072
 vmscan: 318
 vmscan: 342
 vmscan: 911
 vmscan: 912
 vmscan: 914
 vmscan: 1
 vmscan: 351
 vmscan: 609
 vmscan: 3349
 vmscan: 7681
 vmscan: 2398
 vmscan: 7430
 vmscan: 5989
 8398093
 8399485
 8398071
 8399270
 8542304
 8399327
 7165992
 7165961
 8399369
 8034339
 7207527
 8398151
 8455088
 7239696
 8398168
 5077
 5078
 5079
 5080
 5081
 5082
 5083
 5084
 5085
 5086
 5087
 5088
 5089
 5090
 5091
 5092
 5093
 5094
 5095
 5096
 5097
 5098
 5099
 5100
 5101
 5102
 5103
 5104
 5105
 5106
 5107
 5108
 2461
 2462
 2463
 2465
 2466
 2467
 2468
 2469
 2470
 2471
 2472
 2473
 2474
 2475
 2476
 2477
 2479
 2488
 2489
 2490
 2491
 232
 233
 234
 235
 236
 237
 238
 240
 241
 242
 243
 244
 245
 246
 409
 411
 412
 413
 416
 420
 1159
 1160
 1161
 1162
 1163
 1164
 1165
 1166
 1167
 1168
 1169
 1170
 1172
 1173
 1174
 1175
 1176
 1177
 1178
 1179
 1180
 1181
 1182
 1183
 1184
 1185
 1186
 1187
 1188
 1189
 1190
 364
 695
 696
 698
 711
 5001
 5002
 5003
 5004
 5005
 5006
 5007
 5008
 5009
 5010
 5011
 5012
 5013
 5014
 5015
 5016
 5017
 4463
 4464
 4465
 4466
 4467
 4468
 4469
 4470
 4471
 4472
 4473
 4474
 4475
 4476
 4479
 4480
 4481
 4482
 4483
 4484
 4485
 4486
 4487
 4488
 4489
 4490
 4491
 4492
 4493
 4494
 6865
 6866
 6867
 6868
 6869
 6870
 6871
 6872
 6873
 6874
 6875
 6876
 6877
 6878
 6879
 6880
 6881
 6882
 6883
 6884
 6885
 6886
 6887
 6888
 6889
 6890
 7649
 7650
 7651
 7653
 7654
 7655
 7657
 7659
 7660
 7661
 7662
 7663
 7664
 7665
 7672
 7676
 6565
 6566
 6567
 6568
 6569
 6570
 6571
 6572
 6573
 6574
 6575
 6584
 6585
 6586
 6587
 6588
 6589
 6590
 6591
 6592
 6593
 6594
 6595
 6596
 5919
 5920
 5921
 5922
 5923
 5924
 5925
 5926
 5927
 5928
 5929
 5930
 5931
 5932
 5933
 5934
 42
 43
 44
 45
 46
 47
 48
 49
 50
 51
 52
 53
 54
 56
 57
 58
 60
 62
 6781
 6782
 6783
 6784
 6785
 6786
 6787
 6788
 6789
 6790
 6791
 6792
 6794
 6795
 6796
 6797
 6798
 6800
 6801
 6802
 6803
 6805
 6806
 6807
 6808
 6809
 6810
 6811
 6424
 6425
 6426
 6427
 6428
 6429
 6430
 6431
 6432
 6433
 6434
 6436
 6437
 6438
 6439
 6440
 6441
 6442
 6444
 6445
 6446
 6447
 4118
 4119
 4120
 4121
 4122
 4123
 4124
 4125
 4126
 4127
 4128
 4129
 4130
 4131
 4134
 4135
 4136
 4137
 4138
 4139
 4140
 4141
 4142
 4143
 4144
 4145
 4146
 4147
 4148
 4149
 438
 469
 5556
 5557
 5558
 5559
 5560
 5561
 5562
 5563
 5564
 5565
 5566
 5567
 5568
 5569
 5570
 5571
 5572
 5573
 5574
 5575
 5576
 5583
 4953
 4954
 4955
 4956
 4957
 4958
 4959
 4960
 4961
 4962
 4963
 4964
 4965
 4966
 4967
 4968
 4969
 4970
 4971
 4972
 4973
 4974
 4980
 4981
 4982
 4984
 2646
 2647
 2648
 2649
 2650
 2651
 2652
 2653
 2654
 2655
 2656
 2657
 2658
 2659
 2660
 2661
 2662
 2663
 108
 890
 891
 892
 893
 897
 906
 907
 920
 921
 818
 828
 831
 6536
 6537
 6538
 6539
 6540
 6541
 6542
 6543
 6544
 6545
 6546
 6547
 6548
 6549
 6550
 6551
 6552
 6553
 6554
 6555
 6556
 6557
 6559
 6560
 6561
 6562
 6563
 7261
 7262
 7263
 7264
 7266
 7267
 7268
 7269
 7270
 7271
 7272
 7274
 7275
 7276
 7277
 7278
 7279
 7280
 7281
 7282
 7283
 7086294
 7963673
 8399435
 8399362
 7349531
 7297023
 vmscan: 2458
 vmscan: 2455
 vmscan: 2451
 vmscan: 2447
 vmscan: 2445
 vmscan: 2442
 vmscan: 1411
 vmscan: 1412
 vmscan: 2573
 vmscan: 113
 vmscan: 7669
 vmscan: 5904
 vmscan: 135
 vmscan: 2976
 vmscan: 6722
 vmscan: 4253024
 vmscan: 6939
 7284
 7285
 7286
 7287
 7288
 7289
 7290
 7291
 7292
 5519
 5520
 5521
 5523
 5524
 5525
 5526
 5527
 5529
 5530
 5532
 5533
 5534
 5535
 5536
 5537
 5538
 5539
 5540
 8542295
 8399252
 8455112
 8398127
 8399476
 8399455
 1862
 34154059783
 vmscan: 3036
 vmscan: 3016
 vmscan: 2989
 vmscan: 2976
 vmscan: 2968
 vmscan: 2931
 vmscan: 2901
 8398074
 8399461
 8399540
 vmscan: 2606
 vmscan: 7089
 vmscan: 276
 vmscan: 281
 vmscan: 292
 vmscan: 298
 vmscan: 304
 vmscan: 6850
 vmscan: 6855
 vmscan: 6856
 vmscan: 3828
 vmscan: 3829
 vmscan: 3830
 vmscan: 3831
 vmscan: 142
 vmscan: 870
 vmscan: 303
 vmscan: 306
 vmscan: 309
 vmscan: 6947
 vmscan: 1016
 vmscan: 1017
 vmscan: 1018
 vmscan: 1019
 vmscan: 1020
 vmscan: 1021
 vmscan: 1022
 vmscan: 1023
 vmscan: 1024
 vmscan: 1025
 741
 742
 743
 179
 181
 184
 185
 186
 187
 188
 190
 192
 193
 194
 196
 197
 198
 199
 5635
 5636
 5637
 5638
 5639
 5640
 5641
 5642
 5643
 5644
 5645
 5646
 5647
 5648
 5649
 5650
 5651
 5652
 7577
 7578
 7579
 7580
 7581
 7582
 7583
 7584
 7585
 7586
 7587
 7588
 7589
 7590
 7591
 7593
 7594
 7596
 7597
 7598
 7599
 7600
 7601
 7602
 7603
 7604
 7605
 7606
 3249
 3257
 3258
 3259
 3260
 3261
 3262
 3263
 3264
 3265
 3266
 3267
 3268
 3269
 3270
 3271
 3272
 3274
 3275
 3276
 3277
 3278
 3279
 vmscan: 2792
 vmscan: 2793
 vmscan: 2794
 vmscan: 2795
 vmscan: 2796
 vmscan: 2797
 vmscan: 2798
 vmscan: 2799
 vmscan: 2801
 vmscan: 2802
 vmscan: 2803
 vmscan: 2804
 vmscan: 2805
 vmscan: 2806
 vmscan: 2807
 vmscan: 6079
 vmscan: 6080
 vmscan: 6081
 vmscan: 6084
 vmscan: 6085
 vmscan: 6086
 vmscan: 6087
 vmscan: 6088
 vmscan: 6089
 vmscan: 6090
 vmscan: 6127
 vmscan: 2952
 vmscan: 2953
 vmscan: 2954
 vmscan: 2955
 vmscan: 2956
 vmscan: 2957
 vmscan: 2958
 vmscan: 2959
 vmscan: 2961
 vmscan: 2962
 vmscan: 2963
 vmscan: 2964
 vmscan: 2965
 vmscan: 2966
 vmscan: 2967
 vmscan: 2969
 vmscan: 2970
 vmscan: 2971
 vmscan: 2972
 vmscan: 2974
 vmscan: 2975
 vmscan: 2977
 vmscan: 2978
 vmscan: 2979
 vmscan: 2980
 vmscan: 1399
 vmscan: 1400
 vmscan: 1401
 vmscan: 1402
 vmscan: 1403
 vmscan: 1404
 vmscan: 1405
 vmscan: 1406
 vmscan: 1407
 vmscan: 1408
 vmscan: 1409
 vmscan: 1410
 vmscan: 1413
 vmscan: 1415
 vmscan: 5682
 vmscan: 5683
 vmscan: 5684
 vmscan: 5685
 vmscan: 5686
 vmscan: 5687
 vmscan: 5688
 vmscan: 5689
 vmscan: 5690
 vmscan: 5691
 vmscan: 5692
 vmscan: 5693
 vmscan: 5694
 vmscan: 5695
 vmscan: 5696
 vmscan: 5697
 vmscan: 5698
 vmscan: 5699
 vmscan: 5700
 vmscan: 5701
 vmscan: 5702
 vmscan: 5703
 vmscan: 5704
 vmscan: 5705
 vmscan: 5707
 vmscan: 5708
 vmscan: 5709
 vmscan: 5710
 vmscan: 3057
 vmscan: 3058
 vmscan: 3059
 vmscan: 3060
 vmscan: 3061
 vmscan: 3062
 vmscan: 3063
 vmscan: 3077
 vmscan: 3078
 vmscan: 3079
 vmscan: 207
 vmscan: 219
 vmscan: 792
 vmscan: 3708
 vmscan: 4885
 vmscan: 3221
 vmscan: 3747
 vmscan: 643
 vmscan: 841
 vmscan: 503
 vmscan: 482
 vmscan: 7716
 vmscan: 7717
 vmscan: 7718
 vmscan: 7719
 vmscan: 7720
 vmscan: 7721
 vmscan: 7722
 vmscan: 7723
 vmscan: 285
 vmscan: 102
 vmscan: 191
 vmscan: 211
 vmscan: 7670
 vmscan: 7699
 vmscan: 620
 vmscan: 1449
 vmscan: 247
 vmscan: 7531
 vmscan: 7534
 vmscan: 38
 vmscan: 7707
 vmscan: 7708
 vmscan: 7023
 vmscan: 7026
 vmscan: 532
 vmscan: 4530
 vmscan: 691
 vmscan: 149
 vmscan: 539
 vmscan: 153
 vmscan: 155
 vmscan: 6719
 vmscan: 7
 vmscan: 20
 vmscan: 23
 vmscan: 393
 vmscan: 2
 vmscan: 1274
 vmscan: 269
 vmscan: 2920
 vmscan: 2921
 vmscan: 2922
 vmscan: 2923
 vmscan: 2924
 vmscan: 2925
 vmscan: 2926
 vmscan: 2927
 vmscan: 2928
 vmscan: 2929
 vmscan: 2930
 vmscan: 2934
 vmscan: 2935
 vmscan: 7552
 vmscan: 7553
 vmscan: 7554
 vmscan: 7555
 vmscan: 7556
 vmscan: 7557
 vmscan: 7558
 vmscan: 7560
 vmscan: 7561
 vmscan: 7567
 vmscan: 1
 vmscan: 2
 vmscan: 3
 vmscan: 4
 vmscan: 5
 vmscan: 6
 vmscan: 7
 vmscan: 240
 vmscan: 241
 vmscan: 242
 vmscan: 243
 vmscan: 244
 vmscan: 245
 vmscan: 246
 vmscan: 248
 vmscan: 250
 vmscan: 251
 vmscan: 255
 vmscan: 7377
 vmscan: 7379
 vmscan: 7380
 vmscan: 7381
 vmscan: 7382
 vmscan: 7383
 vmscan: 7384
 vmscan: 7386
 vmscan: 7387
 vmscan: 7388
 vmscan: 7389
 vmscan: 7390
 vmscan: 7391
 vmscan: 5415
 vmscan: 7408
 vmscan: 7410
 vmscan: 7411
 vmscan: 7412
 vmscan: 7413
 vmscan: 7415
 vmscan: 7416
 vmscan: 7417
 vmscan: 7418
 vmscan: 7419
 vmscan: 7420
 vmscan: 7422
 vmscan: 7423
 vmscan: 5993
 vmscan: 5994
 vmscan: 770
 vmscan: 975
 vmscan: 6329
 8399263
 7113056
 8399392
 8542246
 17
 18
 19
 21
 22
 27
 28
 29
 30
 31
 33
 34
 35
 36
 37
 41
 42
 46
 47
 48
 vmscan: 495
 vmscan: 840
 vmscan: 500
 vmscan: 514
 vmscan: 516
 vmscan: 522
 vmscan: 531
 vmscan: 6384
 vmscan: 6385
 vmscan: 6386
 vmscan: 6387
 vmscan: 6388
 vmscan: 6389
 vmscan: 6390
 vmscan: 6392
 8455082
 vmscan: 6393
 vmscan: 6394
 vmscan: 6395
 vmscan: 6396
 vmscan: 6397
 vmscan: 6398
 vmscan: 6399
 vmscan: 1095
 7113040
 8399296
 7086215
 8398179
 8398105
 8399498
 8398078
 7166008
 49
 50
 56
 57
 59
 60
 61
 62
 63
 64
 65
 1861
 5272
 5273
 5274
 5275
 5276
 5277
 5278
 5279
 5280
 5281
 5282
 5283
 5284
 5285
 5286
 5287
 5288
 5289
 5290
 5291
 5292
 5293
 5294
 5295
 5296
 5297
 5298
 5299
 5300
 5301
 5302
 5303
 7723033
 7349533
 7207517
 34154058722
 805
 808
 810
 811
 4919
 4920
 4921
 4922
 4923
 4924
 4925
 4926
 4927
 4928
 4929
 4930
 4931
 4932
 4933
 4934
 4935
 4936
 4937
 4938
 7602733
 2240
 2241
 2242
 2243
 2244
 2245
 2246
 2247
 2248
 2249
 2250
 2251
 2252
 2253
 2254
 2255
 2256
 2257
 2258
 2259
 2260
 2261
 2262
 2263
 2264
 2265
 2266
 2267
 2268
 2269
 2270
 2271
 6033
 6034
 6037
 6038
 6039
 6040
 6041
 6042
 6043
 6044
 6045
 6046
 6047
 6049
 6050
 6059
 7207513
 8399393
 8399536
 7166011
 8399372
 8398061
 8398110
 8542334
 8399546
 8399387
 8399508
 7086306
 8398206
 8398155
 8399267
 8399420
 vmscan: 1096
 vmscan: 1097
 vmscan: 1098
 vmscan: 1099
 vmscan: 1101
 vmscan: 1102
 vmscan: 1103
 vmscan: 1104
 vmscan: 1105
 vmscan: 1106
 vmscan: 1107
 vmscan: 1108
 vmscan: 1111
 vmscan: 1112
 vmscan: 1113
 vmscan: 1115
 8398102
 7207494
 7673902
 8399501
 7113085
 8399528
 8398199
 vmscan: 3221
 vmscan: 3195
 vmscan: 3193
 vmscan: 3095
 vmscan: 3085
 vmscan: 3075
 vmscan: 2581
 vmscan: 6443
 vmscan: 6448
 vmscan: 147
 6063
 6064
 7602714
 8399505
 2800
 2814
 576
 579
 580
 581
 582
 585
 595
 1861
 34154058722
 8399518
 34154059783
 600
 256
 257
 258
 259
 260
 261
 262
 263
 265
 266
 267
 268
 269
 270
 271
 7165
 7166
 7167
 7168
 7169
 7170
 7171
 7172
 7173
 7174
 7175
 7176
 7177
 7178
 7179
 7180
 7181
 7182
 7183
 1861
 7236
 7237
 7238
 7239
 7240
 7241
 7242
 7243
 7244
 7245
 7246
 7247
 7248
 7249
 7250
 7251
 7252
 7253
 7254
 7255
 7256
 7257
 7258
 7259
 7260
 448
 2960
 2973
 2981
 2982
 2983
 448
 449
 7113062
 8399515
 6023
 7207493
 34153925208
 34154059783
 34154058722
 70
 71
 72
 73
 74
 82
 83
 84
 85
 86
 87
 90
 91
 92
 93
 94
 95
 96
 97
 98
 101
 8
 9
 10
 11
 12
 13
 14
 15
 16
 17
 18
 19
 21
 22
 23
 24
 25
 26
 27
 28
 29
 30
 31
 32
 33
 34
 35
 36
 37
 38
 39
 1
 2
 3
 4
 5
 6
 7
 8
 9
 10
 14
 15
 16
 449
 34154141424
 449
 6023
 6027
 34153925208
 448
 1
 2
 3
 4
 5
 6
 7
 8
 9
 10
 11
 12
 13
 14
 15
 16
 17
 18
 19
 20
 21
 22
 23
 24
 25
 26
 27
 28
 29
 6023
 38
 1
 2
 3
 4
 5
 6
 7
 8
 9
 10
 11
 12
 13
 14
 15
 16
 17
 18
 19
 20
 21
 22
 23
 24
 25
 26
 27
 28
 29
 30
 31
 1
 2
 3
 4
 5
 6
 7
 8
 9
 10
 11
 12
 13
 14
 15
 16
 17
 18
 19
 20
 21
 22
 1
 2
 30
 31
 3
 4
 5
 6
 7
 8
 9
 10
 11
 12
 13
 14
 15
 16
 17
 18
 19
 1
 2
 3
 4
 5
 6
 7
 8
 9
 10
 38
 303
 132
 133
 134
 135
 136
 137
 138
 139
 140
 141
 142
 143
 144
 145
 146
 147
 148
 149
 150
 151
 152
 153
 154
 155
 156
 157
 158
 159
 160
 102
 103
 104
 105
 106
 110
 114
 115
 116
 117
 7166013
 150
 151
 152
 153
 154
 155
 156
 157
 158
 159
 160
 161
 162
 164
 165
 166
 167
 164
 165
 166
 167
 168
 169
 170
 171
 172
 173
 174
 175
 176
 177
 178
 179
 180
 181
 182
 183
 184
 185
 186
 187
 188
 168
 169
 170
 171
 172
 174
 175
 176
 177
 178
 179
 180
 181
 182
 183
 184
 185
 186
 187
 188
 189
 190
 191
 192
 193
 194
 195
 161
 162
 163
 196
 197
 198
 199
 200
 201
 202
 1
 2
 3
 4
 5
 6
 7
 8
 9
 10
 11
 12
 13
 14
 15
 16
 17
 18
 19
 20
 21
 1
 2
 3
 4
 5
 6
 7
 8
 9
 10
 11
 12
 13
 14
 15
 16
 17
 18
 19
 20
 21
 22
 23
 24
 25
 26
 27
 28
 29
 30
 31
 1
 2
 3
 4
 5
 6
 7
 8
 10
 12
 14
 17
 19
 20
 21
 22
 23
 24
 25
 26
 27
 28
 29
 30
 31
 1
 2
 3
 4
 5
 6
 7
 8
 9
 10
 11
 12
 13
 14
 15
 16
 17
 18
 19
 20
 21
 22
 23
 24
 25
 26
 27
 28
 29
 30
 203
 1
 2
 3
 4
 66
 67
 68
 69
 288
 289
 290
 291
 292
 293
 294
 295
 296
 297
 298
 299
 300
 301
 302
 303
 304
 305
 306
 307
 308
 309
 310
 311
 312
 313
 5
 314
 315
 316
 317
 318
 319
 1
 2
 3
 4
 5
 6
 7
 8
 9
 10
 17
 18
 19
 21
 22
 27
 28
 29
 30
 31
 33
 34
 35
 36
 37
 48
 49
 50
 56
 57
 59
 60
 61
 62
 63
 64
 65
 66
 67
 68
 69
 70
 71
 72
 73
 74
 82
 83
 84
 85
 86
 87
 96
 97
 98
 101
 102
 103
 104
 105
 106
 144
 148
 163
 173
 4
 6
 4096
 1
 2
 3
 4
 5
 6
 7
 8
 9
 10
 11
 12
 13
 14
 15
 16
 17
 18
 19
 20
 21
 22
 23
 25
 26
 27
 28
 29
 30
 68
 267
 268
 269
 270
 271
 1
 2
 1
 2
 3
 4
 5
 6
 7
 8
 10
 12
 14
 17
 19
 20
 21
 1
 2
 3
 4
 5
 42
 46
 47
 90
 91
 92
 93
 95
 6
 7
 8
 9
 10
 11
 12
 13
 14
 15
 1
 2
 3
 4
 5
 6
 7
 8
 9
 10
 11
 12
 13
 14
 15
 1
 2
 3
 4
 5
 6
 1
 2
 1
 2
 3
 4
 5
 6
 7
 8
 9
 10
 11
 12
 13
 14
 15
 1
 2
 3
 4
 5
 6
 7
 8
 9
 10
 11
 12
 13
 14
 15
 1
 2
 3
 4
 5
 6
 7
 8
 9
 10
 11
 12
 13
 14
 15
 8
 9
 10
 11
 12
 13
 14
 15
 16
 17
 18
 19
 21
 22
 23
 24
 25
 26
 27
 28
 29
 30
 31
 33
 34
 35
 36
 8399426
 7602342
 7241780
 7963654
 8399464
 7349504
 8399343
 7349506
 8455105
 8398132
 448
 1861
 34154059783
 1861
 34154058722
 6028
 449
 34154141427
 6023
 38
 303
 27
 14
 15
 7241760
 7207489
 8398165
 8399248
 8542261
 8399431
 1861
 34154058722
 34154059783
 449
 6027
 34154141554
 448
 6023
 38
 40
 54
 16
 3
 4
 5
 6
 7
 8
 9
 10
 11
 12
 13
 14
 15
 34154059783
 448
 6028
 449
 34154141556
 7165966
 7243813
 6023
 38
 3858
 3859
 3860
 3864
 3865
 3866
 3867
 3868
 3869
 3870
 3871
 3872
 3873
 3874
 3875
 13
 34154141692
 25
 354
 355
 356
 357
 358
 359
 360
 361
 362
 363
 364
 365
 366
 367
 368
 369
 370
 373
 374
 375
 376
 377
 378
 379
 380
 381
 382
 384
 385
 444
 34154141610
 34154141622
 34154141611
 34154141612
 34154141613
 34154141614
 34154141615
 34154141616
 34154141617
 34154141618
 34154141619
 34154141620
 34154141621
 34154141634
 34154141623
 34154141624
 34154141625
 34154141626
 34154141627
 34154141628
 34154141629
 34154141630
 34154141631
 34154141632
 34154141633
 34154141646
 34154141635
 34154141636
 34154141637
 34154141638
 34154141639
 34154141640
 34154141641
 34154141642
 34154141643
 34154141644
 34154141645
 34154141658
 34154141647
 34154141648
 34154141649
 34154141650
 34154141651
 34154141652
 34154141653
 34154141654
 34154141655
 34154141656
 34154141657
 34154141670
 34154141659
 34154141660
 34154141661
 34154141662
 34154141663
 34154141664
 34154141665
 34154141666
 34154141667
 34154141668
 34154141669
 34154141682
 34154141671
 34154141672
 34154141673
 34154141674
 34154141675
 34154141676
 34154141677
 34154141678
 34154141679
 34154141680
 34154141681
 146
 147
 148
 149
 150
 152
 153
 154
 155
 156
 157
 158
 159
 160
 161
 162
 163
 164
 165
 166
 167
 168
 169
 170
 171
 172
 173
 174
 175
 6024
 320
 321
 322
 323
 324
 325
 326
 327
 328
 329
 330
 331
 332
 333
 334
 335
 336
 337
 338
 339
 340
 6299664
 6300670
 6291762
 6291744
 6291745
 6291746
 6291747
 6291748
 6291749
 6291750
 6291751
 6291752
 6291753
 6291754
 6291755
 6291756
 6291757
 6291758
 6291759
 6291760
 6291761
 6291763
 6291764
 6291765
 6291766
 6291767
 6291768
 6291769
 6291770
 6291771
 6291772
 6291773
 6291774
 6291775
 6291776
 5775387
 5776381
 6815825
 6815808
 6815809
 6815810
 6815811
 6815812
 6815813
 6815814
 6815815
 6815816
 6815817
 6815818
 6815819
 6815820
 6815821
 6815822
 6815823
 6815824
 6815826
 6815827
 6815828
 6815829
 6815830
 6815831
 6815832
 6815833
 6815834
 6815835
 6815836
 6815837
 6815838
 6815839
 6815840
 6824252
 6824268
 6291751
 6291767
 6815810
 6815826
 6824252
 104
 105
 106
 108
 114
 115
 116
 117
 118
 120
 135
 6023
 70
 71
 75
 76
 84
 85
 86
 87
 88
 89
 90
 91
 98
 100
 101
 34359738363
 118
 120
 121
 124
 125
 126
 127
 128
 129
 130
 131
 6029
 6030
 4253027
 6025
 serial8250: too much work for irq4
 systemd-journald[2956
 32
 33
 34
 35
 36
 37
 38
 39
 40
 41
 42
 43
 44
 45
 47
 3876
 3877
 3879
 1295
 1296
 1297
 1299
 1300
 1301
 1302
 1303
 1304
 1305
 1306
 1307
 1308
 1309
 1310
 1311
 1313
 1314
 1315
 1316
 1317
 1318
 1319
 1320
 1321
 1322
 1323
 4253028
 1
 2
 4
 12
 14
 15
 18
 26
 28
 29
 32
 41
 42
 43
 45
 53
 55
 56
 59
 67
 69
 70
 73
 81
 27969
 1845
 1
 34154141704
 34154141705
 34154141703
 34154141700
 34154141701
 34154141698
 5992
 5993
 34154141702
 306
 305
 304
 295
 300
 298
 294
 63
 64
 65
 66
 67
 68
 69
 70
 71
 72
 73
 74
 75
 76
 77
 78
 79
 80
 81
 82
 83
 84
 85
 86
 87
 88
 89
 90
 91
 92
 93
 94
 1841
 1
 2
 3
 4
 5
 6
 7
 8
 9
 10
 34154046770
 10
 6017
 6019
 1563
 1564
 1565
 1566
 1567
 1568
 1569
 1570
 1571
 1572
 1573
 1574
 1575
 1576
 1577
 1578
 1579
 1580
 1581
 1582
 1583
 1584
 1585
 1586
 1587
 1588
 1589
 1590
 1591
 1592
 1593
 1594
 34154046756
 1840
 6014
 34154046755
 34154046761
 6018
 34154046757
 34154046762
 6015
 34154046759
 34154046758
 1800
 9
 6013
 6012
 1839
 34154046760
 1820
 144
 145
 146
 147
 148
 149
 150
 151
 152
 153
 154
 155
 156
 157
 158
 159
 160
 161
 162
 163
 164
 165
 166
 167
 168
 169
 170
 171
 172
 173
 174
 175
 1838
 3
 385
 276
 277
 278
 279
 280
 281
 282
 283
 284
 285
 286
 287
 288
 289
 290
 291
 292
 293
 294
 295
 296
 297
 298
 299
 300
 301
 302
 303
 304
 305
 306
 307
 1232
 1233
 1234
 1235
 1236
 1237
 1238
 1239
 1240
 1241
 1242
 1243
 1244
 1245
 1246
 1247
 1248
 1249
 1250
 1251
 1252
 1253
 1254
 1255
 1256
 1257
 1258
 1259
 1260
 1261
 1262
 1263
 1161
 1162
 1163
 1164
 1165
 1166
 1167
 1168
 1169
 1170
 1171
 1172
 1173
 1174
 1175
 1176
 1177
 1178
 1179
 1180
 1181
 1182
 1183
 1184
 1185
 1186
 1187
 1188
 1189
 1190
 1191
 1192
 34154049909
 34154141184
 121
 122
 123
 124
 125
 126
 127
 128
 129
 130
 131
 132
 133
 134
 135
 136
 137
 138
 139
 140
 141
 142
 143
 34154141183
 6021
 386
 1
 2
 3
 4
 5
 6
 7
 8
 9
 10
 11
 12
 13
 14
 15
 16
 17
 18
 19
 20
 21
 22
 23
 24
 25
 26
 27
 28
 29
 30
 31
 90
 91
 92
 93
 94
 95
 96
 97
 98
 99
 100
 101
 102
 103
 104
 105
 106
 107
 108
 109
 110
 111
 112
 113
 114
 115
 116
 117
 118
 119
 120
 32
 33
 34
 35
 36
 37
 38
 39
 40
 41
 42
 43
 44
 45
 46
 47
 48
 49
 50
 51
 52
 53
 54
 55
 56
 384
 34154141694
 1
 2
 3
 4
 5
 6
 7
 8
 9
 10
 11
 12
 13
 14
 15
 16
 17
 18
 19
 20
 21
 22
 23
 24
 25
 26
 27
 28
 29
 30
 31
 1
 2
 3
 4
 5
 6
 7
 8
 9
 10
 11
 12
 13
 14
 15
 16
 17
 18
 19
 20
 21
 22
 23
 24
 25
 26
 27
 28
 29
 30
 31
 1
 2
 3
 4
 5
 6
 7
 8
 9
 10
 11
 12
 13
 14
 15
 16
 17
 18
 19
 20
 21
 22
 23
 24
 25
 26
 27
 28
 29
 30
 31
 73
 37
 294
 1
 2
 3
 4
 5
 6
 7
 8
 9
 10
 11
 12
 13
 14
 15
 16
 17
 18
 19
 20
 21
 22
 23
 24
 25
 26
 27
 28
 29
 30
 31
 1
 2
 3
 1
 2
 3
 4
 44
 2
 3
 1
 2
 3
 4
 5
 6
 7
 8
 9
 10
 11
 12
 13
 14
 15
 16
 17
 18
 19
 20
 21
 22
 23
 24
 25
 26
 27
 28
 29
 30
 31
 58
 1
 2
 3
 4
 5
 6
 7
 8
 9
 10
 11
 12
 13
 14
 15
 16
 17
 18
 19
 20
 21
 22
 23
 24
 25
 26
 27
 28
 29
 30
 31
 2
 1
 2
 3
 4
 1
 2
 3
 4
 5
 1
 2
 3
 4
 5
 6
 7
 8
 9
 10
 11
 12
 13
 14
 15
 16
 17
 18
 19
 20
 21
 22
 23
 24
 25
 26
 27
 28
 29
 30
 31
 38
 64
 1
 2
 3
 4
 1
 1
 2
 22
 1
 2
 3
 4
 5
 6
 7
 8
 9
 10
 11
 12
 13
 14
 15
 16
 17
 18
 19
 20
 21
 22
 23
 24
 867
 868
 869
 870
 871
 872
 873
 874
 875
 876
 877
 878
 879
 880
 881
 882
 883
 884
 885
 886
 887
 888
 889
 890
 891
 892
 893
 894
 895
 896
 897
 898
 598
 599
 600
 601
 602
 603
 604
 605
 606
 607
 608
 609
 610
 611
 612
 613
 614
 615
 616
 617
 618
 619
 620
 621
 622
 623
 624
 625
 626
 627
 628
 629
 839
 840
 841
 842
 843
 844
 845
 846
 847
 848
 849
 850
 851
 852
 853
 854
 855
 856
 857
 858
 859
 860
 861
 862
 863
 864
 865
 866
 767
 768
 769
 770
 771
 772
 773
 774
 775
 776
 777
 778
 779
 780
 781
 782
 783
 784
 785
 786
 787
 788
 789
 790
 791
 792
 793
 794
 795
 796
 797
 798
 475
 476
 477
 478
 479
 480
 481
 482
 483
 484
 485
 486
 487
 488
 489
 490
 491
 492
 493
 494
 495
 496
 497
 498
 499
 500
 501
 502
 503
 504
 505
 506
 645
 646
 647
 648
 649
 650
 651
 652
 653
 654
 655
 656
 657
 658
 659
 660
 661
 662
 663
 664
 665
 666
 667
 668
 669
 670
 671
 672
 673
 674
 675
 676
 3
 34154104319
 507
 508
 509
 510
 511
 512
 513
 514
 515
 516
 517
 518
 519
 520
 521
 522
 523
 524
 525
 526
 527
 528
 529
 530
 531
 532
 95
 96
 97
 98
 99
 100
 101
 102
 103
 104
 105
 106
 107
 108
 109
 110
 111
 112
 113
 114
 115
 116
 117
 118
 119
 120
 121
 122
 123
 124
 125
 126
 210
 211
 212
 213
 214
 215
 216
 217
 218
 219
 220
 221
 222
 223
 224
 225
 226
 227
 228
 229
 230
 231
 232
 233
 234
 235
 236
 237
 238
 239
 240
 241
 6020
 34154058723
 1407
 1408
 1409
 1410
 1411
 1412
 1413
 1414
 1415
 1416
 1417
 1418
 1419
 1420
 1421
 1422
 1423
 1424
 1425
 1426
 1427
 1428
 1429
 1430
 1431
 1432
 1433
 1434
 1435
 1436
 1437
 1438
 1357
 62
 63
 64
 65
 66
 67
 68
 69
 70
 71
 72
 73
 74
 75
 76
 77
 78
 79
 80
 81
 82
 83
 84
 85
 86
 87
 88
 89
 90
 91
 92
 93
 1180
 1181
 1182
 1183
 1184
 1185
 1186
 1187
 1188
 1189
 1190
 1191
 1192
 1193
 1194
 1195
 1196
 1197
 1198
 1199
 1200
 1201
 1202
 1203
 1204
 1205
 1206
 1207
 1208
 1209
 1210
 1211
 6016
 1393
 1392
 1391
 1067
 1068
 1069
 1070
 1071
 1072
 1073
 1074
 1075
 1076
 1077
 1078
 1079
 1080
 1081
 1082
 1083
 1084
 1085
 1086
 1087
 1088
 1089
 1090
 1091
 1092
 1093
 1094
 1095
 1096
 1097
 1098
 1390
 1389
 1388
 1387
 1371
 997
 998
 999
 1000
 1001
 1002
 1003
 1004
 1005
 1006
 1007
 1008
 1009
 1010
 1011
 1012
 1013
 1014
 1015
 1016
 1017
 1018
 1019
 1020
 1021
 1022
 1023
 1024
 1025
 1026
 1027
 1028
 707
 708
 709
 710
 711
 712
 713
 714
 715
 716
 717
 718
 719
 720
 721
 722
 723
 724
 725
 726
 727
 728
 729
 730
 731
 732
 733
 734
 735
 736
 737
 738
 321
 322
 323
 324
 325
 326
 327
 328
 329
 330
 331
 332
 333
 334
 335
 336
 337
 338
 339
 340
 341
 342
 343
 344
 345
 346
 347
 348
 349
 350
 351
 352
 624
 625
 626
 627
 628
 629
 630
 631
 632
 633
 634
 635
 636
 637
 638
 639
 640
 641
 642
 643
 644
 645
 646
 647
 648
 649
 650
 651
 652
 653
 654
 655
 441
 442
 443
 444
 445
 446
 447
 448
 449
 450
 451
 452
 453
 454
 455
 456
 457
 458
 459
 460
 461
 462
 463
 464
 465
 466
 467
 468
 469
 470
 471
 472
 137
 138
 139
 140
 141
 142
 143
 144
 145
 146
 147
 148
 149
 150
 151
 152
 153
 154
 155
 156
 157
 158
 159
 160
 161
 162
 163
 164
 165
 166
 167
 168
 296
 297
 298
 299
 300
 301
 302
 303
 304
 305
 306
 307
 308
 309
 310
 311
 312
 313
 314
 315
 316
 317
 318
 319
 320
 120
 121
 122
 123
 124
 125
 126
 127
 128
 129
 130
 131
 132
 133
 134
 135
 136
 94
 95
 96
 97
 98
 99
 100
 101
 102
 103
 104
 105
 106
 107
 108
 109
 110
 111
 112
 113
 114
 115
 116
 117
 118
 119
 257
 258
 259
 260
 261
 262
 263
 264
 265
 266
 267
 268
 269
 270
 271
 272
 273
 274
 275
 34154101964
 34154101963
 221
 222
 223
 224
 225
 226
 227
 228
 229
 230
 231
 232
 233
 234
 235
 236
 237
 238
 239
 240
 241
 242
 243
 244
 245
 246
 247
 248
 249
 250
 251
 252
 34154049907
 383
 382
 34154062659
 387
 21
 38
 39
 40
 41
 42
 43
 44
 45
 46
 47
 48
 49
 50
 51
 52
 53
 54
 55
 56
 57
 58
 59
 60
 61
 62
 63
 64
 65
 66
 67
 68
 69
 70
 74
 35
 38
 220
 221
 222
 223
 224
 225
 226
 227
 228
 229
 230
 231
 232
 233
 234
 235
 236
 237
 238
 239
 240
 241
 242
 243
 244
 245
 246
 247
 248
 249
 250
 251
 290
 296
 32
 33
 34
 35
 36
 37
 38
 39
 40
 41
 42
 43
 44
 45
 46
 47
 48
 49
 50
 51
 52
 53
 54
 55
 56
 57
 58
 59
 60
 32
 33
 34
 35
 36
 37
 38
 39
 40
 38
 45
 3
 4
 60
 37
 39
 34154141697
 5
 3
 32
 33
 34
 35
 36
 37
 38
 39
 40
 41
 42
 43
 44
 45
 46
 47
 48
 49
 50
 51
 52
 53
 54
 55
 56
 57
 58
 59
 60
 61
 62
 34154051478
 61
 65
 176
 177
 178
 179
 180
 181
 182
 183
 184
 185
 186
 187
 188
 189
 190
 191
 192
 193
 194
 195
 196
 197
 198
 199
 200
 201
 202
 308
 309
 310
 311
 312
 313
 314
 315
 316
 317
 318
 319
 320
 321
 322
 323
 324
 325
 326
 327
 328
 329
 330
 2
 23
 21
 7
 376
 1
 2
 3
 4
 5
 6
 7
 8
 9
 10
 11
 12
 13
 14
 15
 16
 17
 18
 19
 20
 21
 22
 21
 22
 109
 10
 11
 12
 13
 14
 15
 16
 17
 18
 19
 20
 21
 22
 23
 24
 25
 26
 27
 28
 29
 30
 31
 32
 33
 34
 35
 36
 37
 38
 39
 40
 41
 1
 2
 3
 4
 5
 6
 7
 8
 9
 10
 11
 12
 13
 14
 15
 16
 17
 18
 19
 20
 21
 22
 23
 24
 25
 26
 27
 28
 29
 30
 31
 42
 43
 44
 45
 46
 47
 48
 49
 50
 51
 52
 53
 54
 55
 56
 57
 58
 59
 60
 61
 62
 63
 107
 31
 32
 113
 112
 34154048470
 111
 64
 65
 66
 67
 68
 69
 70
 71
 72
 73
 74
 75
 76
 77
 78
 79
 80
 81
 82
 83
 84
 85
 86
 87
 88
 89
 90
 91
 92
 93
 94
 102
 103
 104
 105
 106
 107
 108
 109
 110
 111
 112
 113
 114
 115
 116
 117
 118
 119
 120
 121
 122
 123
 124
 125
 126
 127
 128
 129
 130
 131
 132
 133
 1
 2
 3
 4
 5
 6
 7
 8
 9
 10
 11
 12
 13
 14
 15
 16
 106
 110
 30
 264
 14
 15
 1
 2
 3
 4
 5
 6
 7
 6
 1
 2
 3
 4
 5
 6
 7
 1
 2
 3
 4
 34154045191
 7
 6
 7
 3
 12821
 48
 49
 50
 51
 52
 53
 54
 55
 56
 58
 176
 177
 178
 179
 180
 181
 182
 183
 184
 185
 186
 187
 188
 189
 190
 191
 389
 392
 393
 1325
 1326
 5304
 5306
 5307
 5308
 5309
 5310
 5311
 5312
 5313
 5314
 5315
 5317
 5318
 5319
 5320
 5321
 5322
 5323
 5324
 5325
 5326
 7328
 7329
 7330
 7331
 7332
 7333
 7334
 7336
 7337
 7338
 7339
 7340
 7341
 7342
 7343
 7344
 7345
 7346
 7347
 7348
 7349
 7350
 4253031
 67
 68
 69
 70
 71
 72
 73
 74
 75
 76
 77
 78
 79
 80
 81
 82
 83
 84
 85
 86
 87
 88
 89
 90
 91
 92
 93
 94
 95
 systemd-journald[2956
 7351
 7352
 7353
 7354
 7355
 7356
 7357
 7359
 2493
 2500
 2501
 2502
 2503
 2505
 2507
 2508
 2509
 2510
 2511
 2513
 2514
 2515
 2516
 2517
 2518
 2519
 2520
 2521
 2522
 2523
 systemd-journald[2956
 96
 97
 98
 34359738365
 251
 2524
 3891
 3892
 3893
 3894
 3895
 3896
 3897
 3898
 3899
 3900
 3901
 3902
 3903
 3905
 23083240827
 23083240828
 23083240830
 50
 51
 52
 53
 54
 55
 56
 57
 58
 59
 60
 61
 62
 63
 64
 systemd-journald[2956
 65
 66
 99
 100
 101
 102
 103
 104
 105
 106
 107
 108
 109
 110
 111
 112
 113
 114
 115
 116
 117
 118
 119
 120
 26
 27
 28
 29
 30
 31
 32
 33
 34
 35
 36
 37
 38
 39
 40
 41
 42
 43
 44
 45
 46
 systemd-journald[2956
 3906
 3907
 3908
 3909
 3910
 3911
 3912
 3913
 5135
 5136
 5137
 5138
 5149
 5150
 2525
 2526
 2527
 2528
 2529
 2530
 2531
 2532
 2533
 2534
 2536
 2537
 2538
 2539
 2540
 2541
 47
 48
 49
 34299294279
 23083240826
 23083247517
 23083247593
 23083247777
 259
 2542
 3696
 3698
 3699
 3700
 3701
 3702
 3704
 3705
 3706
 3707
 3709
 3710
 3711
 3712
 3713
 3714
 3715
 3716
 3717
 3718
 3719
 3720
 3721
 3722
 3723
 3724
 3725
 3726
 3727
 146
 147
 148
 149
 150
 151
 152
 153
 154
 155
 156
 157
 158
 159
 160
 161
 162
 163
 164
 165
 166
 167
 168
 169
 170
 171
 172
 173
 174
 175
 systemd-journald[2956
 6597
 6598
 6599
 6601
 6602
 6603
 6604
 6605
 6606
 6607
 6608
 6609
 6610
 6611
 6613
 176
 177
 250
 182
 183
 184
 185
 186
 187
 188
 189
 190
 191
 192
 193
 194
 195
 196
 197
 198
 199
 200
 201
 202
 203
 204
 205
 206
 207
 208
 209
 210
 211
 systemd-journald[2956
 6614
 6615
 6616
 6617
 6618
 6620
 6621
 6622
 6623
 2776
 2777
 2778
 2779
 2780
 2781
 212
 213
 23083247142
 2782
 2783
 2784
 2785
 2786
 2787
 2788
 2789
 2790
 2791
 7607
 7608
 7609
 7610
 7611
 systemd-journald[2956
 23083247563
 23083247149
 23083247589
 23083247578
 7612
 7613
 7614
 7615
 293
 300
 307
 7776
 7777
 7778
 7779
 7780
 7781
 7782
 7783
 systemd-journald[2956
 7784
 7785
 7786
 7787
 7788
 7789
 7790
 7804
 7805
 7806
 7807
 1453
 1454
 1455
 1456
 1457
 1458
 1459
 1463
 1465
 1468
 1480
 1481
 1482
 1483
 1484
 788
 789
 790
 791
 34299292682
 447
 23083247598
 1343
 1344
 1345
 1346
 1347
 1348
 1349
 1350
 1351
 1352
 1353
 1354
 1355
 1356
 1357
 1358
 1359
 1360
 1361
 1362
 1363
 1364
 1365
 1366
 1367
 1368
 1369
 1370
 1371
 1372
 121
 122
 123
 124
 125
 126
 127
 128
 129
 130
 131
 132
 133
 134
 135
 systemd-journald[2956
 6345
 6346
 6347
 6348
 6349
 6350
 6351
 6352
 6353
 6354
 6355
 6356
 6357
 6358
 6359
 6360
 6361
 6362
 6363
 6364
 6365
 6366
 6368
 6369
 6370
 6371
 6372
 6373
 6374
 6375
 136
 137
 138
 139
 140
 141
 142
 143
 144
 449
 448
 34299292685
 23083247592
 23083247587
 23083247594
 6376
 143
 144
 145
 146
 2590
 2591
 2592
 2593
 2594
 2595
 2596
 2597
 2598
 2599
 23083247583
 34359738364
 23083247158
 2600
 2601
 2602
 2603
 2604
 2605
 6679
 6680
 6681
 6682
 6683
 6684
 6685
 6686
 6687
 6688
 6689
 6690
 6691
 6692
 6693
 6694
 6695
 6696
 6697
 6699
 6700
 6701
 6702
 6703
 6704
 6705
 6706
 6707
 6708
 6709
 6710
 6891
 6892
 6893
 6894
 6895
 6896
 6897
 6898
 6899
 6900
 6901
 6902
 6903
 6904
 6905
 6906
 6907
 6908
 6909
 6910
 6911
 6912
 6913
 6914
 6915
 6916
 6813
 6814
 6815
 6816
 6817
 6818
 6819
 6820
 6821
 6823
 6824
 6825
 23083247580
 23083247758
 23083247590
 23083247586
 23083247141
 6826
 6827
 6828
 6829
 6830
 4007
 4008
 4009
 4010
 4011
 4012
 4013
 4014
 4015
 4016
 4017
 4018
 4019
 4020
 4023
 4024
 4025
 4026
 4027
 4028
 4029
 4030
 4031
 4032
 4033
 23083247597
 4034
 4035
 4036
 4037
 4038
 3080
 3081
 3082
 3083
 3086
 3087
 3088
 3089
 3090
 3091
 3092
 3093
 3094
 3096
 3097
 3098
 3099
 3100
 1828
 1829
 1830
 1831
 1832
 1833
 1834
 1835
 1836
 1837
 1838
 1839
 1840
 1841
 1842
 1843
 1844
 1845
 1846
 1847
 1848
 1849
 1850
 1851
 1852
 1853
 1854
 1855
 1856
 1857
 1858
 1859
 2349
 2350
 2351
 2352
 2353
 2354
 2355
 2356
 2357
 2358
 2359
 2360
 2361
 2362
 2363
 2365
 2366
 2369
 2370
 2371
 23083240829
 23083247678
 23083247685
 23083247145
 23083247775
 2372
 2373
 2374
 2375
 2376
 2377
 2378
 2379
 2380
 3380
 3383
 3384
 3386
 3387
 3388
 22
 7001893
 23
 24
 25
 26
 27
 28
 29
 30
 31
 32
 33
 34
 35
 36
 37
 38
 39
 40
 41
 42
 43
 44
 45
 46
 47
 48
 49
 50
 51
 52
 53
 23083247144
 23083247143
 23083247407
 3389
 3390
 3391
 3392
 3393
 3394
 3395
 3396
 3397
 3398
 3399
 5775
 5776
 5777
 5778
 5779
 5780
 5781
 5782
 5784
 5785
 5786
 5788
 5789
 5790
 5791
 5792
 5793
 5795
 5796
 5797
 5798
 5799
 5800
 5801
 5802
 5803
 3309
 3310
 3311
 3312
 3313
 3314
 3316
 3317
 3318
 3319
 3320
 3321
 3324
 3325
 3326
 3327
 3329
 3330
 3331
 3332
 3333
 3334
 3335
 34359738363
 23083247308
 23083247159
 252
 3336
 3337
 3338
 3339
 3340
 7808
 7809
 7810
 7811
 7812
 7813
 7814
 7815
 7816
 7817
 7818
 7819
 7820
 7821
 7822
 7823
 7824
 7825
 7826
 7827
 7828
 7829
 7830
 7831
 7832
 7833
 7834
 7835
 7836
 7837
 7838
 7839
 3165
 3171
 3172
 3173
 3174
 3175
 3176
 3177
 23083247344
 214
 215
 216
 217
 218
 219
 220
 221
 222
 223
 224
 225
 226
 227
 3178
 3179
 3180
 3181
 3182
 3183
 3184
 3185
 3186
 3191
 7200
 7201
 7202
 7203
 7204
 228
 229
 230
 231
 232
 233
 234
 23083247606
 23083247151
 7205
 7206
 7207
 7208
 7209
 7210
 7211
 7212
 7213
 7214
 7215
 7216
 7217
 7218
 1654
 1655
 1656
 1657
 1658
 1659
 1660
 1661
 1662
 1663
 1664
 1665
 1666
 1667
 1668
 1669
 23083247415
 38
 23083247536
 23083247332
 1670
 1671
 1681
 2902
 2903
 2904
 2905
 2906
 2907
 2908
 2909
 2910
 2911
 2912
 2913
 178
 179
 180
 181
 23083247572
 23083247547
 2914
 2915
 2916
 2917
 2918
 2919
 2932
 3290
 3291
 3292
 3293
 3294
 3295
 3296
 3297
 23083247581
 3298
 3299
 3300
 3301
 3302
 3303
 3304
 3305
 3306
 3307
 3308
 872
 873
 874
 875
 23083247534
 23083247558
 23083247559
 254
 877
 881
 882
 883
 884
 885
 529
 530
 545
 838
 839
 842
 5423
 5424
 5425
 5426
 5427
 5428
 5430
 5432
 5433
 5434
 5435
 5436
 5437
 5438
 5439
 5440
 5441
 5442
 5443
 5444
 5445
 5706
 5711
 5712
 5713
 5714
 5715
 5716
 5717
 5719
 5720
 5721
 1867
 1868
 1869
 1870
 1871
 1872
 1873
 1874
 1875
 1876
 1877
 1878
 1879
 1880
 1881
 1882
 1883
 1884
 1885
 1886
 1887
 1888
 1889
 1890
 1891
 1892
 1893
 1894
 1895
 5722
 5723
 5724
 5725
 5726
 5727
 5728
 5729
 5730
 5731
 5732
 5733
 5734
 5735
 5736
 733
 7385
 7392
 7393
 7394
 7395
 7396
 7397
 7398
 7400
 7401
 7402
 7403
 7404
 7405
 7406
 7407
 5478
 5479
 5480
 5481
 5482
 5483
 5484
 5485
 5486
 5487
 5488
 5489
 5490
 5491
 5492
 5493
 5494
 5495
 7521
 7522
 7523
 7524
 7525
 7526
 7527
 7528
 7529
 7530
 7532
 7533
 7535
 7536
 7537
 7538
 7539
 7540
 7541
 7542
 7543
 7544
 7545
 7546
 7547
 7548
 7549
 7550
 7551
 6711
 6712
 6713
 6714
 6715
 6716
 6717
 6718
 6720
 6721
 6723
 6724
 6725
 6726
 6727
 6728
 6729
 6730
 6731
 6732
 6733
 6734
 6735
 6736
 6737
 6738
 6739
 6740
 6741
 1078
 1079
 1084
 1085
 1086
 1087
 1088
 1089
 1090
 1091
 1092
 1093
 1094
 7142
 7143
 7144
 7145
 7146
 7147
 7148
 7149
 7150
 7151
 7152
 7153
 7154
 7155
 7156
 7157
 7158
 7159
 7160
 7161
 7162
 7163
 7164
 2456
 2457
 2459
 2460
 2464
 922
 923
 924
 930
 931
 932
 933
 934
 935
 936
 937
 938
 939
 940
 941
 942
 943
 944
 945
 946
 947
 948
 949
 950
 953
 603
 610
 2609
 2610
 2611
 2612
 2613
 2614
 2615
 2616
 2617
 2618
 2620
 2621
 2622
 2623
 2624
 2625
 2626
 2628
 2630
 2631
 2632
 2633
 5824
 5825
 5826
 5827
 5828
 5829
 5830
 5831
 5832
 5833
 5834
 5836
 5837
 5838
 5839
 5840
 5841
 5842
 5843
 5844
 5845
 5846
 5847
 5848
 5849
 5850
 5851
 5852
 5853
 5854
 5855
 7078
 7079
 7080
 7081
 7082
 7083
 7084
 7085
 7086
 7087
 7088
 7090
 7091
 7092
 7093
 7094
 7095
 7096
 7097
 7098
 7099
 7100
 7101
 7102
 7103
 7104
 7105
 7106
 7107
 7108
 7109
 6838
 6839
 6840
 6841
 6842
 6843
 6844
 6845
 6846
 6847
 6848
 6849
 6851
 6852
 6853
 6854
 6857
 6858
 6859
 6860
 6861
 6862
 6863
 3518
 3519
 3520
 3521
 3522
 3523
 3524
 3525
 3526
 3527
 3528
 3529
 3530
 3531
 3532
 3533
 3534
 3535
 3536
 3537
 3538
 3539
 3540
 3541
 3542
 3543
 3544
 3545
 3546
 3547
 3548
 3549
 4525
 4526
 4527
 4528
 4529
 4531
 4533
 4534
 4535
 4536
 4537
 4538
 4539
 4540
 4541
 4542
 4544
 4545
 4546
 4547
 4548
 4549
 4550
 4551
 4552
 4553
 4554
 4555
 4556
 5935
 5936
 5937
 5938
 5939
 5940
 5941
 5942
 5943
 5944
 5945
 5946
 5947
 5948
 5949
 5950
 3798
 3799
 3800
 3801
 3802
 3803
 3804
 3805
 3806
 3807
 3808
 3809
 3810
 3811
 3812
 3813
 3814
 1201
 1207
 1208
 1209
 1210
 1211
 1212
 1213
 1214
 1215
 1216
 1217
 1218
 1219
 1220
 1221
 1222
 7012
 7020
 7021
 7022
 7024
 7025
 7027
 7028
 7029
 7030
 7031
 7032
 7033
 7034
 7035
 7036
 7037
 7038
 7039
 7040
 7041
 7042
 2272
 2273
 2274
 2275
 2276
 2277
 2278
 2279
 2280
 2281
 2282
 2283
 2284
 2285
 2286
 2287
 2288
 2289
 2292
 2293
 2294
 2295
 2296
 2297
 5856
 5857
 5858
 5859
 5860
 5861
 5862
 5863
 5864
 5865
 5866
 5867
 5868
 5869
 5870
 5871
 5872
 5873
 5874
 5875
 5876
 5877
 5878
 5879
 5880
 6501
 6502
 6503
 6504
 6505
 6506
 6507
 6508
 6509
 6510
 6511
 6512
 6513
 6514
 6515
 6516
 6517
 6518
 6519
 6520
 6521
 6522
 6523
 6524
 6525
 6526
 6527
 6528
 6529
 6530
 6531
 6532
 1542
 1543
 1544
 1545
 1546
 1547
 1548
 1549
 1550
 1551
 1552
 1553
 1554
 1555
 1556
 1557
 1558
 1559
 1560
 1561
 1562
 1563
 1564
 1566
 1567
 1568
 1569
 1570
 1571
 1572
 1573
 5541
 5543
 5544
 5545
 5546
 5547
 5548
 5550
 5552
 5553
 5554
 5327
 5328
 5329
 5330
 5331
 5332
 5333
 5334
 5335
 5336
 5338
 5339
 5340
 5341
 5342
 5343
 5344
 5345
 5346
 5347
 5348
 5349
 5350
 5351
 5352
 5353
 5354
 5355
 5356
 5357
 3280
 3281
 3282
 3283
 3284
 3285
 3286
 3288
 3289
 2869
 2870
 2871
 2872
 2873
 2874
 2875
 2876
 2877
 2878
 2879
 2880
 2881
 2882
 2883
 2884
 2885
 2886
 2887
 2888
 2889
 2890
 2891
 2892
 2893
 2894
 2895
 2896
 2897
 2898
 2899
 2900
 6377
 6378
 6379
 6380
 6381
 6383
 5497
 5498
 5499
 5500
 5501
 5502
 7421
 7424
 7425
 7426
 7427
 7428
 7429
 7431
 7432
 7433
 7434
 7435
 7436
 7437
 7438
 7439
 7440
 7441
 7442
 7443
 7444
 7445
 7446
 7447
 2412
 2413
 2414
 2415
 2416
 2417
 2418
 2419
 2420
 2421
 2422
 2423
 2427
 2433
 2434
 2435
 5753
 5754
 5755
 5756
 5757
 5758
 1223
 1232
 6010
 6011
 6012
 6013
 6014
 6015
 6016
 6017
 6018
 6019
 6020
 6021
 6022
 6023
 6024
 6025
 6026
 6027
 6028
 6029
 6030
 6031
 6032
 518
 519
 520
 523
 524
 528
 3505
 3506
 3507
 3508
 3509
 3510
 3511
 3512
 3513
 3514
 3515
 3516
 3517
 3433
 3434
 3435
 3437
 3438
 3439
 3440
 3441
 3442
 3443
 3444
 3445
 3446
 3447
 3448
 3449
 3450
 3451
 3452
 3453
 3454
 3455
 1768
 1769
 1770
 1771
 1772
 1773
 1774
 1775
 1776
 1777
 1778
 1779
 1780
 1507
 1508
 1509
 1510
 1511
 1512
 1513
 1514
 1515
 1516
 1517
 1518
 1519
 1520
 1521
 1522
 1523
 1524
 1525
 1526
 1527
 1528
 1529
 1530
 1531
 1532
 1533
 1534
 1535
 1536
 1537
 1538
 2851
 2852
 2853
 2854
 2855
 2856
 2857
 2858
 2859
 2860
 2861
 2862
 2863
 2864
 2865
 2866
 2867
 2868
 2381
 2382
 2383
 2384
 2385
 1375
 1376
 1377
 1378
 1379
 1380
 1381
 1382
 1383
 1384
 1385
 1386
 1387
 1389
 1390
 1391
 1392
 1393
 3745
 3746
 3748
 3749
 3750
 3751
 3752
 3753
 3754
 3755
 3756
 3757
 3758
 3759
 3760
 3761
 3762
 3763
 3764
 3765
 2643
 2644
 2645
 7448
 7449
 7450
 7451
 7452
 7453
 7454
 7455
 2933
 2936
 2937
 2938
 2939
 2940
 2941
 2942
 2943
 2944
 2945
 2946
 2947
 2948
 2949
 2950
 2951
 470
 471
 485
 6638
 6639
 6640
 6641
 6642
 6643
 6644
 6645
 6646
 6647
 6648
 6649
 6650
 6651
 6652
 6653
 6654
 6655
 1911
 1912
 1913
 1914
 1915
 1916
 1917
 1918
 1919
 1920
 1921
 1922
 1923
 1924
 1925
 1926
 1927
 1928
 1929
 5600
 5601
 5602
 5604
 5605
 5606
 5607
 5608
 5609
 5610
 5611
 5612
 5613
 5615
 5032
 5033
 5034
 5035
 5036
 5037
 5038
 5039
 5040
 5041
 5042
 5043
 5044
 5045
 5046
 5047
 5048
 5049
 5050
 5051
 5052
 5053
 5054
 5055
 5056
 5057
 5058
 5059
 5060
 5061
 5062
 5063
 7360
 7361
 7374
 7375
 3686
 3687
 3688
 3689
 3690
 3693
 3694
 3695
 3956
 3957
 3958
 3959
 3960
 3961
 3962
 3963
 3964
 3965
 3966
 3967
 3968
 3969
 3970
 3971
 3972
 3973
 3974
 3975
 3976
 3977
 3978
 3979
 3980
 3981
 3982
 3983
 3984
 3985
 3986
 3987
 2728
 2729
 2730
 2731
 2732
 2733
 2734
 2735
 2736
 2737
 2738
 2739
 2740
 2741
 2742
 2743
 2744
 2745
 2746
 2747
 2748
 2749
 2750
 2751
 2755
 6468
 6469
 6470
 6471
 6472
 6473
 6474
 6475
 6476
 6477
 6478
 6479
 6480
 6481
 6482
 6483
 6484
 6485
 6486
 6487
 6488
 6489
 6490
 6491
 6492
 6496
 6497
 6498
 6499
 1240
 1241
 1243
 1244
 1245
 1246
 1247
 1248
 1250
 1251
 1252
 1253
 1254
 1255
 1256
 1257
 1258
 1259
 1260
 1428
 4387
 4388
 4389
 4390
 4391
 4392
 4393
 4394
 4395
 4396
 4397
 4398
 4399
 4400
 4401
 4402
 4403
 4404
 4405
 4406
 4407
 4408
 4413
 4414
 4415
 4416
 4417
 4418
 6976
 6977
 6978
 6979
 6980
 6981
 6982
 6983
 6985
 6986
 6987
 6988
 6989
 6990
 2327
 2328
 2329
 2330
 2331
 2332
 2333
 2334
 2335
 2336
 2337
 2338
 2339
 2340
 2341
 2342
 2343
 2344
 2346
 2347
 2348
 6924
 6925
 6926
 6927
 6928
 6929
 6930
 6931
 6932
 6933
 6934
 6935
 6936
 6937
 6938
 6940
 6941
 6942
 6943
 6944
 6945
 6946
 6955
 6304
 6305
 6306
 6307
 6316
 6317
 6318
 6319
 6320
 6321
 6322
 6323
 6325
 6326
 6327
 6330
 6331
 6332
 6333
 6334
 6335
 1539
 1540
 5018
 5019
 5020
 5021
 5022
 5023
 5024
 5025
 5026
 5027
 5028
 5029
 5030
 5031
 7633
 7634
 7635
 7636
 7637
 7638
 7641
 7642
 7643
 7644
 7645
 7646
 7647
 7648
 5897
 5898
 5899
 5900
 5901
 5902
 4816
 4817
 4818
 4819
 4820
 4821
 4822
 4823
 4824
 4825
 4826
 4827
 4828
 4829
 4832
 4833
 4834
 4835
 4836
 4837
 4838
 4839
 4840
 4841
 4842
 4843
 4844
 4845
 4846
 4847
 3031
 3032
 3033
 3034
 3035
 3038
 3039
 3040
 3041
 3042
 3043
 3044
 3045
 3046
 3047
 3048
 3825
 3832
 3833
 3834
 3835
 3836
 3837
 3838
 3839
 3840
 3841
 3842
 3843
 3844
 3845
 3846
 3847
 3848
 3849
 991
 992
 993
 994
 995
 996
 997
 998
 999
 1000
 1001
 1002
 1003
 1004
 1005
 1006
 1007
 1008
 1009
 1010
 1011
 1012
 1013
 1014
 1015
 4705
 4706
 4707
 4708
 4709
 4710
 4711
 4712
 4713
 4714
 4715
 4716
 4717
 4718
 4721
 4722
 4723
 4724
 4725
 4726
 4727
 4728
 4729
 4730
 4731
 4732
 4733
 4734
 4735
 4736
 2223
 2224
 2225
 2226
 2227
 2228
 2229
 2230
 2231
 2232
 2233
 2234
 2235
 2236
 2237
 2238
 2239
 5804
 5805
 5806
 5807
 5808
 5809
 5810
 5811
 5812
 5813
 5814
 5815
 5816
 5817
 5818
 5819
 5820
 5821
 5822
 3850
 3851
 3852
 3853
 3854
 3855
 3856
 3857
 5064
 5065
 5066
 5067
 5068
 5069
 5070
 5071
 5072
 5073
 5074
 5075
 5076
 4594
 4595
 4596
 4597
 4598
 4599
 4600
 4601
 4602
 4603
 4604
 4605
 4606
 4607
 4610
 4611
 4612
 4613
 4614
 4615
 4616
 4617
 4618
 4619
 4620
 4621
 4622
 4623
 4624
 4625
 3728
 3729
 3730
 3731
 3733
 3734
 3735
 3736
 3737
 3738
 3739
 3740
 3741
 3742
 3743
 3744
 7840
 7841
 7842
 7843
 7844
 7845
 7846
 7847
 7848
 7849
 7850
 7851
 7852
 7853
 7854
 7855
 7856
 7857
 7858
 7859
 7860
 7861
 7862
 7863
 7864
 7865
 7866
 7867
 7868
 7869
 7870
 7871
 5109
 5110
 5111
 5112
 5113
 5114
 5115
 5116
 5117
 5118
 5119
 6165
 6166
 6167
 6168
 6169
 6171
 6172
 6173
 6174
 6175
 6176
 6177
 6178
 6179
 6180
 6181
 6182
 6183
 6184
 6185
 6186
 6187
 6188
 6189
 6190
 6191
 6192
 6193
 6194
 6195
 6196
 6402
 6403
 6405
 6406
 6408
 6409
 6411
 6412
 6413
 6414
 6416
 6417
 6418
 6419
 6420
 6421
 6422
 6336
 6337
 6338
 6339
 6340
 6341
 6342
 6343
 6344
 2544
 2545
 2546
 2547
 2548
 2549
 2550
 2551
 2557
 2558
 2559
 2560
 2561
 2562
 2563
 2564
 2565
 2566
 2567
 2573
 3914
 3915
 3916
 3917
 3918
 3920
 3921
 3922
 3923
 3924
 3925
 3926
 1600
 1607
 1608
 1609
 1610
 1611
 1612
 1613
 1614
 1615
 1616
 1617
 1618
 1619
 1620
 1621
 1622
 1623
 1624
 1625
 1626
 1627
 1046
 1048
 1049
 1050
 1052
 1053
 1054
 1056
 1057
 1058
 1059
 1060
 1061
 1062
 1074
 1075
 1076
 1077
 1574
 1575
 1576
 1577
 1578
 1579
 1580
 5966
 5974
 5975
 5976
 5977
 5983
 5984
 5985
 5986
 5988
 5990
 3000
 3001
 3002
 3003
 3004
 3005
 3006
 3007
 3008
 3009
 3010
 3011
 3012
 3013
 3014
 3015
 3025
 3026
 3027
 3028
 3029
 2686
 2694
 2695
 2696
 2697
 2698
 2699
 2700
 2701
 2702
 2703
 2704
 2705
 2706
 2713
 3341
 3342
 3343
 3345
 3346
 3347
 3350
 3351
 3352
 3353
 3354
 3357
 3358
 3359
 3360
 984
 985
 986
 987
 988
 989
 990
 1628
 1629
 1630
 1631
 1632
 1633
 1634
 1635
 1636
 1638
 1639
 1640
 1641
 1642
 1643
 5380
 5381
 5382
 5383
 5384
 5385
 5386
 5387
 5388
 5389
 5390
 5391
 5392
 5393
 5394
 5395
 5396
 5397
 5398
 5408
 5409
 5410
 5411
 5197
 5199
 5200
 5201
 5202
 5203
 5204
 5205
 5206
 5207
 5208
 5209
 5210
 5211
 5212
 5213
 5214
 5215
 5216
 5217
 5218
 5219
 2480
 336
 339
 2298
 2299
 2300
 2301
 2302
 2303
 2304
 2306
 2307
 2308
 2309
 2310
 2311
 174
 1485
 1486
 1487
 1488
 1489
 1490
 1491
 1493
 1494
 1495
 1500
 1501
 1502
 1503
 1504
 1727
 1728
 1729
 1730
 1731
 1732
 1733
 1734
 1811
 1812
 1813
 1814
 1815
 1816
 1817
 1818
 1819
 1820
 1821
 1822
 1823
 1824
 1825
 1826
 1827
 7872
 7873
 7874
 7875
 7876
 7877
 7878
 7879
 7880
 7881
 7882
 7883
 7884
 7885
 7886
 7887
 7888
 7889
 7890
 7891
 7892
 7893
 7894
 7895
 7896
 7897
 7898
 7899
 7900
 7901
 7902
 7903
 1860
 1861
 1862
 1863
 1864
 1865
 1866
 7568
 7569
 7570
 7571
 7572
 7573
 7574
 7575
 7495
 7496
 7497
 7498
 7499
 7500
 7501
 7502
 7503
 7504
 7505
 7506
 7507
 7508
 7509
 7510
 7511
 7512
 7513
 7514
 7515
 7516
 7517
 7518
 7519
 7520
 3550
 3551
 3552
 3553
 3554
 3555
 3556
 3557
 3558
 3559
 3560
 3561
 3562
 3160
 3161
 3162
 3163
 3164
 7051
 7052
 7053
 7054
 7055
 7056
 7057
 7060
 7061
 7062
 7063
 7064
 7065
 7067
 7068
 7069
 7070
 7071
 7072
 7073
 7074
 7075
 7076
 7077
 7111
 7112
 7113
 7114
 7116
 7118
 7119
 7120
 7121
 7122
 7123
 7124
 7125
 7126
 7127
 7128
 7129
 6121
 6122
 6123
 6124
 6125
 6126
 6129
 6131
 6132
 6133
 6134
 6135
 6136
 6137
 6138
 6139
 6140
 6141
 6142
 6143
 6144
 6145
 6146
 6147
 6148
 6149
 3102
 3456
 3457
 3458
 3459
 3460
 3461
 3462
 3463
 3464
 3465
 3466
 3467
 3468
 3469
 3470
 3471
 3472
 4939
 4940
 4941
 4942
 4943
 4944
 4945
 4946
 4947
 4948
 4949
 4950
 4951
 4952
 7043
 7044
 7045
 7046
 7047
 7048
 7049
 7050
 3207
 3219
 3220
 3222
 3223
 7904
 7905
 7906
 7907
 7908
 7909
 7910
 7911
 7912
 7913
 7914
 7915
 7916
 7917
 7918
 7919
 7920
 7921
 7922
 7923
 7924
 7925
 7926
 7927
 7928
 7929
 7930
 7931
 7932
 7933
 7934
 7935
 2759
 7219
 7220
 7221
 7222
 7223
 7224
 7225
 7226
 7227
 7228
 7229
 7230
 7231
 7232
 7233
 7234
 7235
 1505
 1506
 6065
 6066
 6067
 6068
 6069
 6070
 6071
 6072
 6073
 6074
 6075
 6076
 6077
 6078
 6082
 6092
 1644
 1645
 1646
 1647
 1648
 1649
 1650
 1651
 1652
 1653
 5592
 5593
 5596
 6742
 6743
 6744
 6746
 6747
 6749
 6750
 6751
 7936
 7937
 7938
 7939
 7940
 7941
 7942
 7943
 7944
 7945
 7946
 7947
 7948
 7949
 7950
 7951
 7952
 7953
 7954
 7955
 7956
 7957
 7958
 7959
 7960
 7961
 7962
 7963
 7964
 7965
 7966
 7967
 7476
 7484
 7485
 7486
 7487
 7488
 7489
 7490
 7491
 7492
 7493
 7494
 3235
 3236
 6106
 6107
 6109
 6110
 6116
 2398
 6917
 6918
 6919
 6920
 6921
 6922
 6923
 1157
 1158
 4878
 4879
 4880
 4881
 4882
 4883
 4884
 4886
 4887
 4888
 4889
 4890
 4891
 4892
 4893
 4894
 1930
 1931
 1932
 1934
 1935
 1936
 1937
 1938
 1939
 1940
 1941
 1942
 1943
 1944
 1945
 1946
 1947
 1948
 1949
 1950
 1951
 1952
 1953
 1954
 1955
 1956
 1957
 1958
 1959
 1960
 1961
 7968
 7969
 7970
 7971
 7972
 7973
 7974
 7975
 7976
 7977
 7978
 7979
 7980
 7981
 7982
 7983
 7984
 7985
 7986
 7987
 7988
 7989
 7990
 7991
 7992
 7993
 7994
 7995
 7996
 7997
 7998
 7999
 6956
 6957
 6958
 6959
 957
 964
 967
 6533
 6534
 6535
 6624
 6625
 6626
 6627
 6628
 6629
 6630
 6631
 6632
 6633
 6634
 6635
 6636
 6637
 1962
 1963
 1964
 1965
 1966
 1967
 1968
 1969
 1971
 1972
 1973
 1974
 1975
 1976
 1977
 1978
 1979
 1980
 1981
 1982
 1983
 1984
 1985
 1986
 1987
 1988
 1989
 1990
 1991
 1992
 1993
 8000
 8001
 8002
 8003
 8004
 8005
 8006
 8007
 8008
 8009
 8010
 8011
 8012
 8013
 8014
 8015
 8016
 8017
 8018
 8019
 8020
 8021
 8022
 8023
 8024
 8025
 8026
 8027
 8028
 8029
 8030
 8031
 6197
 6198
 6199
 6200
 6201
 6202
 6203
 6204
 6205
 6206
 6207
 6208
 6209
 6210
 6211
 6212
 6213
 7130
 7131
 7132
 7133
 7134
 7135
 7136
 7137
 7138
 7139
 7140
 7141
 7293
 7295
 7296
 7297
 7298
 7299
 7300
 7301
 7302
 7303
 7305
 7306
 7307
 7308
 7309
 7310
 7311
 7312
 7313
 7314
 7315
 7316
 7317
 7318
 6150
 6151
 6152
 6153
 6154
 6155
 6156
 6157
 6158
 6159
 6160
 6161
 6162
 6163
 6164
 2607
 2608
 7319
 7320
 7321
 7322
 7323
 7324
 7325
 7326
 7327
 8032
 8033
 8034
 8035
 8036
 8037
 8038
 8039
 8040
 8041
 8042
 8043
 8044
 8045
 8046
 8047
 8048
 8049
 8050
 8051
 8052
 8053
 8054
 8055
 8056
 8057
 8058
 8059
 8060
 8061
 8062
 8063
 1688
 1689
 1690
 1691
 1692
 1693
 1694
 5259
 5260
 5261
 5262
 5263
 5264
 5265
 5266
 5267
 5268
 5269
 5270
 5271
 8064
 8065
 8066
 8067
 8068
 8069
 8070
 8071
 8072
 8073
 8074
 8075
 8076
 8077
 8078
 8079
 8080
 8081
 8082
 8083
 8084
 8085
 8086
 8087
 8088
 8089
 8090
 8091
 8092
 8093
 8094
 8095
 5363
 5364
 5365
 5366
 5367
 5368
 5369
 5370
 5371
 5372
 5373
 5374
 5375
 5376
 5377
 5378
 5379
 5220
 5221
 5222
 5223
 5224
 5225
 5226
 6449
 6450
 6456
 6464
 6465
 6466
 6467
 5823
 6831
 6832
 6833
 6834
 6835
 6837
 7007
 6500
 5358
 5359
 5360
 5361
 5362
 8096
 8097
 8098
 8099
 8100
 8101
 8102
 8103
 8104
 8105
 8106
 8107
 8108
 8109
 8110
 8111
 8112
 8113
 8114
 8115
 8116
 8117
 8118
 8119
 8120
 8121
 8122
 8123
 8124
 8125
 8126
 8127
 8128
 8129
 8130
 8131
 8132
 8133
 8134
 8135
 8136
 8137
 8138
 8139
 8140
 8141
 8142
 8143
 8144
 8145
 8146
 8147
 8148
 8149
 8150
 8151
 8152
 8153
 8154
 8155
 8156
 8157
 8158
 8159
 4372
 4373
 4374
 4375
 4376
 4377
 4378
 4379
 4380
 4381
 4382
 4383
 4384
 4385
 4386
 5166
 5167
 5168
 5169
 5170
 5171
 5172
 5173
 5174
 5175
 5176
 5177
 5178
 5179
 5180
 5181
 5182
 4261
 4262
 4263
 4264
 4265
 4266
 4267
 4268
 4269
 4270
 4271
 4272
 4273
 4274
 4275
 4276
 4277
 4278
 4279
 4280
 4281
 4282
 4283
 4284
 4285
 4286
 4287
 4289
 4290
 4291
 4292
 4495
 4496
 4497
 4498
 4499
 4500
 4501
 4502
 4503
 4504
 4505
 4506
 4507
 4508
 4509
 4510
 4511
 4512
 4513
 4514
 4515
 4516
 4517
 4518
 4519
 4520
 4521
 4522
 4523
 4524
 4150
 4151
 4152
 4153
 4154
 4155
 4156
 4157
 4158
 4159
 4160
 4161
 4162
 4163
 4164
 4165
 4166
 4167
 4168
 4169
 4170
 4171
 4172
 4173
 4174
 4175
 4176
 4178
 4179
 4180
 4181
 4039
 4040
 4041
 4042
 4043
 4044
 4045
 4046
 4047
 4048
 4049
 4050
 4051
 4052
 4053
 4054
 4055
 4056
 4057
 4058
 4059
 4060
 4061
 4062
 4063
 4064
 4065
 4067
 4068
 4069
 4070
 6672
 6673
 6674
 6675
 6676
 6677
 6678
 8160
 8161
 8162
 8163
 8164
 8165
 8166
 8167
 8168
 8169
 8170
 8171
 8172
 8173
 8174
 8175
 8176
 8177
 8178
 8179
 8180
 8181
 8182
 8183
 8184
 8185
 8186
 8187
 8188
 8189
 8190
 8191
 4848
 4849
 4850
 4851
 4852
 4853
 4854
 4855
 4856
 4857
 4858
 4859
 4860
 4861
 4862
 4863
 4864
 4865
 4866
 4867
 4868
 4869
 4870
 4871
 4872
 4873
 4874
 4875
 4876
 4877
 4737
 4738
 4739
 4740
 4741
 4742
 4743
 4744
 4745
 4746
 4747
 4748
 4749
 4750
 4751
 4752
 4753
 4754
 4755
 4756
 4757
 4758
 4759
 4760
 4761
 4762
 4763
 4764
 4766
 4767
 4768
 4626
 4627
 4628
 4629
 4630
 4631
 4632
 4633
 4634
 4635
 4636
 4637
 4638
 4639
 4640
 4641
 4642
 4643
 4644
 4645
 4646
 4647
 4648
 4649
 4650
 4651
 4652
 4653
 4655
 4656
 4657
 2543
 522
 8388613
 523
 8192
 8193
 8194
 8195
 8196
 8197
 8198
 8199
 8200
 8201
 8202
 8203
 8204
 8205
 8206
 8207
 8208
 8209
 8210
 8211
 8212
 8213
 8214
 8215
 8216
 8217
 8218
 8219
 8220
 8221
 8222
 8223
 8224
 8225
 8226
 8227
 8228
 8229
 8230
 8231
 8232
 8233
 8234
 8235
 8236
 8237
 8238
 8239
 8240
 8241
 8242
 8243
 8244
 8245
 8246
 8247
 8248
 8249
 8250
 8251
 8252
 8253
 8254
 8255
 8256
 8257
 8258
 8259
 8260
 8261
 8262
 8263
 8264
 8265
 8266
 8267
 8268
 8269
 8270
 8271
 5996
 5997
 5998
 1745
 8272
 8273
 8274
 8275
 8276
 8277
 8278
 8279
 8280
 8281
 8282
 8283
 8284
 8285
 8286
 8287
 8288
 8289
 8290
 3128
 3129
 3130
 3131
 3132
 3133
 3134
 3135
 1
 2
 3
 4
 5
 6
 7
 8
 9
 10
 11
 12
 13
 14
 15
 16
 17
 18
 19
 20
 21
 22
 23
 24
 25
 26
 27
 28
 29
 34359738362
 34314280100
 23084659644
 23084659643
 27
 8291
 8292
 8293
 8294
 8295
 8296
 8297
 8298
 8299
 8300
 8301
 8302
 8303
 8304
 8305
 8306
 8307
 8308
 8309
 8310
 8311
 8312
 8313
 8314
 8315
 8316
 8317
 8318
 8319
 8320
 8321
 8322
 8323
 8324
 8325
 8326
 8327
 8328
 8329
 8330
 8331
 8332
 8333
 8334
 8335
 8336
 8337
 8338
 8339
 8340
 8341
 8342
 8343
 8344
 8345
 8346
 8347
 8348
 8349
 8350
 8351
 8352
 8353
 8354
 8355
 8356
 8357
 8358
 8359
 8360
 8361
 8362
 8363
 8364
 8365
 8366
 8367
 8368
 8369
 8370
 8371
 8372
 8373
 8374
 8375
 8376
 8377
 8378
 8379
 8380
 8381
 8382
 8383
 8384
 8385
 8386
 8387
 8388
 8389
 8390
 8391
 8392
 8393
 8394
 8395
 8396
 8397
 8398
 8399
 8400
 8401
 8402
 8403
 8404
 8405
 8406
 8407
 8408
 8409
 8410
 8411
 8412
 8413
 8414
 8415
 8416
 8417
 8418
 8419
 8420
 8421
 8422
 8423
 8424
 8425
 8426
 8427
 8428
 8429
 8430
 8431
 8432
 8433
 8434
 8435
 8436
 8437
 8438
 8439
 8440
 8441
 8442
 8443
 8444
 8445
 8446
 8447
 8448
 8449
 8450
 8451
 8452
 8453
 8454
 8455
 8456
 8457
 8458
 8459
 8460
 8461
 8462
 8463
 4293
 4294
 4295
 4296
 4297
 4298
 4299
 4300
 4301
 4302
 4303
 4304
 4305
 4306
 4307
 4308
 4309
 4310
 4311
 4312
 4313
 4314
 4315
 4316
 4317
 4318
 4319
 4320
 4321
 4322
 4323
 4324
 4182
 4183
 4184
 4185
 4186
 4187
 4188
 4189
 4190
 4191
 4192
 4193
 4194
 4195
 4196
 4197
 4198
 4199
 4200
 4201
 4202
 4203
 4204
 4205
 4206
 4207
 4208
 4209
 4210
 4211
 4212
 4213
 8464
 8465
 8466
 8467
 8468
 8469
 8470
 8471
 8472
 8473
 8474
 8475
 8476
 8477
 8478
 8479
 8480
 8481
 8482
 8483
 8484
 8485
 8486
 8487
 8488
 8489
 8490
 8491
 8492
 8493
 8494
 8495
 6093
 6094
 4071
 4072
 4073
 4074
 4075
 4076
 4077
 4078
 4079
 4080
 4081
 4082
 4083
 4084
 4085
 4086
 4087
 4088
 4089
 4090
 4091
 4092
 4093
 4094
 4095
 4096
 4097
 4098
 4099
 4100
 4101
 4102
 4769
 4770
 4771
 4772
 4773
 4774
 4775
 4776
 4777
 4778
 4779
 4780
 4781
 4782
 4783
 4784
 4785
 4786
 4787
 4788
 4789
 4790
 4791
 4792
 4793
 4794
 4795
 4796
 4797
 4798
 4799
 4800
 8496
 8497
 8498
 8499
 8500
 8501
 8502
 8503
 8504
 8505
 8506
 8507
 8508
 8509
 8510
 8511
 8512
 8513
 8514
 8515
 8516
 8517
 8518
 8519
 8520
 8521
 8522
 8523
 8524
 8525
 8526
 8527
 4658
 4659
 4660
 4661
 4662
 4663
 4664
 4665
 4666
 4667
 4668
 4669
 4670
 4671
 4672
 4673
 4674
 4675
 4676
 4677
 4678
 4679
 4680
 4681
 4682
 4683
 4684
 4685
 4686
 4687
 4688
 4689
 8528
 8529
 8530
 8531
 8532
 8533
 8534
 8535
 8536
 8537
 8538
 8539
 8540
 8541
 8542
 8543
 8544
 8545
 8546
 8547
 8548
 8549
 8550
 8551
 8552
 8553
 8554
 8555
 8556
 8557
 8558
 8559
 8560
 8561
 8562
 8563
 8564
 8565
 8566
 8567
 8568
 8569
 8570
 8571
 8572
 8573
 8574
 8575
 8576
 8577
 8578
 8579
 8580
 8581
 8582
 8583
 8584
 8585
 8586
 8587
 8588
 8589
 8590
 8591
 6400
 8592
 8593
 8594
 8595
 8596
 8597
 8598
 8599
 8600
 8601
 8602
 8603
 8604
 8605
 8606
 8607
 8608
 8609
 8610
 8611
 8612
 8613
 8614
 8615
 8616
 8617
 8618
 8619
 8620
 8621
 8622
 8623
 8624
 8625
 8626
 8627
 8628
 8629
 8630
 8631
 8632
 8633
 8634
 8635
 8636
 8637
 8638
 8639
 8640
 8641
 8642
 8643
 8644
 8645
 8646
 8647
 8648
 8649
 8650
 8651
 8652
 8653
 8654
 8655
 8656
 8657
 8658
 8659
 8660
 8661
 8662
 8663
 8664
 8665
 8666
 8667
 8668
 8669
 8670
 8671
 8672
 8673
 8674
 8675
 8676
 8677
 8678
 8679
 8680
 8681
 8682
 8683
 8684
 8685
 8686
 8687
 8688
 8689
 8690
 8691
 8692
 8693
 8694
 8695
 8696
 8697
 8698
 8699
 8700
 8701
 8702
 8703
 8704
 8705
 8706
 8707
 8708
 8709
 8710
 8711
 8712
 8713
 8714
 8715
 8716
 8717
 8718
 8719
 7697
 8720
 8721
 8722
 8723
 8724
 8725
 8726
 8727
 8728
 8729
 8730
 8731
 8732
 8733
 8734
 8735
 8736
 8737
 8738
 8739
 8740
 8741
 8742
 8743
 8744
 8745
 8746
 8747
 8748
 8749
 8750
 8751
 8752
 8753
 8754
 8755
 8756
 8757
 8758
 8759
 8760
 8761
 8762
 8763
 8764
 8765
 8766
 8767
 8768
 8769
 8770
 8771
 8772
 8773
 8774
 8775
 8776
 8777
 8778
 8779
 8780
 8781
 8782
 8783
 8784
 8785
 8786
 8787
 8788
 8789
 8790
 8791
 8792
 8793
 8794
 8795
 8796
 8797
 8798
 8799
 8800
 8801
 8802
 8803
 8804
 8805
 8806
 8807
 8808
 8809
 8810
 8811
 8812
 8813
 8814
 8815
 8816
 8817
 8818
 8819
 8820
 8821
 8822
 8823
 8824
 8825
 8826
 8827
 8828
 8829
 8830
 8831
 8832
 8833
 8834
 8835
 8836
 8837
 8838
 8839
 8840
 8841
 8842
 8843
 8844
 8845
 8846
 8847
 8848
 8849
 8850
 8851
 8852
 8853
 8854
 8855
 8856
 8857
 8858
 8859
 8860
 8861
 8862
 8863
 8864
 8865
 8866
 8867
 8868
 8869
 8870
 8871
 8872
 8873
 8874
 8875
 8876
 8877
 8878
 8879
 8880
 8881
 8882
 8883
 8884
 8885
 8886
 8887
 8888
 8889
 8890
 8891
 8892
 8893
 8894
 8895
 8896
 8897
 8898
 8899
 8900
 8901
 8902
 8903
 8904
 8905
 8906
 8907
 8908
 8909
 8910
 8911
 8912
 8913
 8914
 8915
 8916
 8917
 8918
 8919
 8920
 8921
 8922
 8923
 8924
 8925
 8926
 8927
 8928
 8929
 8930
 8931
 8932
 8933
 8934
 8935
 8936
 8937
 8938
 8939
 8940
 8941
 8942
 8943
 8944
 8945
 8946
 8947
 8948
 8949
 8950
 8951
 8952
 8953
 8954
 8955
 8956
 8957
 8958
 8959
 8960
 8961
 8962
 8963
 8964
 8965
 8966
 8967
 8968
 8969
 8970
 8971
 8972
 8973
 8974
 8975
 8976
 8977
 8978
 8979
 8980
 8981
 8982
 8983
 8984
 8985
 8986
 8987
 8988
 8989
 8990
 8991
 8992
 8993
 8994
 8995
 8996
 8997
 8998
 8999
 9000
 9001
 9002
 9003
 9004
 9005
 9006
 9007
 3
 7
 19
 25
 26
 27
 28
 29
 178
 179
 180
 181
 182
 183
 184
 185
 186
 187
 188
 189
 190
 191
 192
 194
 196
 200
 201
 202
 203
 204
 205
 206
 207
 208
 209
 332
 334
 335
 336
 337
 338
 339
 340
 341
 343
 344
 345
 346
 348
 349
 351
 352
 353
 354
 355
 356
 357
 358
 359
 360
 361
 362
 363
 34354071990
 537
 535
 34354071989
 34354066009
 536
 22922003525
 34359738365
 22922003724
 539
 22922003524
 22922003731
 22922003725
 22922003526
 22922003528
 22922003561
 140
 141
 142
 143
 144
 145
 146
 147
 148
 149
 150
 151
 152
 153
 154
 155
 156
 157
 158
 159
 160
 161
 162
 163
 164
 165
 166
 167
 168
 169
 170
 171
 34359738364
 22922003523
 24
 25
 26
 27
 28
 29
 30
 31
 32
 33
 34
 35
 36
 37
 38
 39
 40
 41
 42
 43
 44
 45
 46
 47
 48
 49
 50
 51
 52
 53
 54
 55
 255
 22922003615
 254
 34359738363
 538
 38
 447
 445
 34354066551
 34359738362
 449
 448
 34354066006
 22922003645
 22922003721
 22922003730
 22922003733
 22922003735
 24
 256
 534
 22922003722
 232
 233
 235
 237
 241
 246
 247
 248
 251
 252
 260
 263
 22922003805
 22922003546
 120
 121
 122
 123
 124
 125
 126
 127
 128
 129
 130
 131
 132
 133
 134
 135
 136
 137
 138
 139
 74
 75
 76
 77
 78
 79
 80
 81
 82
 83
 84
 85
 86
 87
 88
 89
 90
 91
 92
 93
 94
 95
 96
 97
 98
 99
 100
 101
 102
 103
 104
 105
 225
 224
 22922003547
 22922003636
 22922003713
 22922003556
 22922003708
 22922003678
 445
 23083247162
 9008
 9009
 9010
 9011
 9012
 9013
 9014
 9015
 9016
 9017
 9018
 9019
 9020
 9021
 9022
 9023
 9024
 9025
 9026
 9027
 9028
 9029
 9030
 9031
 9032
 9033
 9034
 9035
 120
 121
 122
 123
 124
 125
 126
 127
 128
 129
 130
 131
 132
 133
 134
 135
 136
 137
 138
 139
 140
 141
 142
 143
 144
 145
 146
 147
 148
 149
 150
 151
 22922003610
 34354071477
 22922003666
 22922003665
 22922003530
 172
 173
 174
 175
 176
 177
 178
 179
 180
 181
 182
 183
 184
 185
 186
 187
 188
 189
 190
 191
 192
 193
 194
 195
 196
 197
 198
 199
 200
 201
 202
 203
 22922003532
 22922003533
 210
 211
 212
 213
 214
 215
 216
 217
 218
 219
 220
 221
 222
 223
 226
 227
 228
 229
 230
 231
 152
 153
 154
 155
 156
 157
 158
 159
 160
 161
 162
 163
 164
 165
 166
 167
 168
 169
 170
 171
 172
 173
 174
 175
 176
 177
 22922003660
 22922003607
 22922003736
 34314273740
 23083247174
 23083247279
 23083247773
 23083247327
 23083247289
 23083247290
 23083247287
 23083247518
 23083247452
 23083247731
 23083247599
 23083247730
 23083247565
 23083247566
 23083247688
 23083247577
 23083247568
 23083247664
 23083247595
 23083247591
 23083247567
 23083247588
 23083247768
 23083247778
 23083247582
 23083247286
 23083247146
 23083247579
 23083247562
 23083247574
 23083247584
 23083247575
 23083247774
 23083247732
 23083247596
 23083247280
 23083247600
 23083247759
 23083247561
 23083247157
 23083247767
 23083247535
 23083247537
 23083247564
 23083247277
 23083247285
 23083247278
 23083247213
 23083247274
 23083247264
 23083247276
 23083247150
 23083247249
 23083247519
 23083247265
 23083247585
 23083247779
 23083247757
 23083247152
 23083247571
 23083247282
 23083247307
 23083247576
 23083247512
 23083247448
 23083247752
 23083247291
 23083247409
 23083247573
 23083247416
 23083247633
 23083247385
 23083247376
 23083247252
 253
 23083247716
 23083247699
 23083247155
 23083247444
 23083247392
 23083247232
 23083247233
 34359738362
 23083247380
 23083247434
 23083247342
 23083247776
 23083247234
 23083247457
 23083247766
 23083247324
 23083247522
 23083247235
 23083247178
 23083247236
 23083247511
 23083247443
 23083247382
 23083247229
 23083247695
 23083247148
 145
 23083247177
 23083247253
 34359738361
 23083247217
 23083247694
 23083247621
 23083247204
 23083247205
 23083247206
 23083247175
 23083247180
 23083247195
 23083247624
 23083247207
 23083247464
 23083247201
 23083247708
 23083247514
 23083247711
 23083247197
 23083247181
 23083247198
 23083247199
 23083247200
 23083247182
 23083247754
 23083247430
 23083247192
 23083247193
 23083247605
 23083247194
 23083247602
 23083247601
 23083247427
 23083247189
 23083247183
 34359738360
 102
 103
 104
 105
 106
 107
 108
 109
 110
 111
 112
 113
 114
 115
 116
 117
 118
 119
 120
 121
 122
 123
 124
 125
 126
 127
 128
 129
 130
 131
 132
 133
 23083247637
 23083247339
 23083247346
 23083247329
 248
 23083247185
 23083247186
 23083247187
 23083247188
 23083247345
 23083247328
 23083247414
 23083247638
 23083247399
 23083247697
 23083247661
 23083247348
 23083247383
 34359738359
 23083247240
 23083247147
 23083247628
 23083247212
 23083247354
 23083247225
 23083247219
 23083247226
 23083247224
 216
 217
 218
 219
 220
 221
 222
 223
 224
 225
 226
 227
 228
 229
 230
 231
 232
 233
 234
 235
 236
 237
 238
 239
 395
 396
 397
 398
 399
 400
 402
 403
 404
 405
 406
 407
 408
 409
 410
 198
 199
 200
 201
 202
 203
 9036
 9037
 9038
 9039
 2849
 2850
 4253032
 4253038
 9040
 9041
 9042
 9043
 9044
 9045
 9046
 9047
 9048
 9049
 9050
 9051
 9052
 9053
 9054
 9055
 9056
 9057
 9058
 9059
 9060
 9061
 206
 207
 208
 209
 210
 211
 212
 213
 214
 215
 379
 380
 381
 382
 383
 384
 385
 386
 387
 388
 389
 390
 391
 392
 393
 394
 395
 396
 397
 398
 399
 400
 401
 402
 403
 404
 405
 406
 407
 408
 409
 410
 23083247780
 23083247227
 23083247221
 23083247693
 23083247521
 23083247616
 23083247400
 23083247388
 23083247707
 23083247666
 23083247218
 23083247215
 23083247364
 23083247250
 23083247251
 38
 34299292683
 23083240827
 23083240830
 259
 247
 249
 23083247602
 23083247146
 23083247517
 23083247568
 23083247767
 23083247563
 23083247589
 23083247599
 449
 23083247598
 23083247600
 23083247597
 23083247594
 23083247590
 23083247578
 23083247591
 23083247577
 23083247595
 23083247730
 23083247575
 23083247601
 23083240829
 34359738361
 23083247332
 23083247773
 23083247159
 23083247592
 23083247596
 23083247519
 23083247565
 23083247147
 23083247593
 23083247434
 23083247777
 23083247587
 23083247584
 23083247416
 23083247571
 23083247581
 23083247152
 23083247776
 23083247580
 23083247141
 23083247731
 23083247574
 23083247567
 23083247588
 23083247547
 23083247566
 23083247586
 253
 23083247757
 23083247579
 23083247582
 23083247518
 23083247576
 23083247766
 23083247561
 23083247151
 23083247768
 23083247572
 23083247534
 23083247158
 23083247536
 23083247522
 23083247562
 23083247324
 23083247149
 23083247457
 23083247564
 23083247157
 23083247342
 23083247775
 23083247732
 23083247774
 23083247758
 23083247779
 23083247585
 23083247780
 23083247573
 23083247583
 23083247535
 23083247150
 23083247788
 4726800
 4719125
 4719104
 4719105
 4719106
 4719107
 4719108
 4719109
 4719110
 4719111
 4719112
 4719113
 4719114
 4719115
 4719116
 4719117
 4719118
 4719119
 4719120
 4719121
 4719122
 4719123
 4719124
 4719126
 4719127
 4719128
 4719129
 4719130
 4719131
 34299294279
 23083240828
 34359738362
 448
 23083247778
 23083240826
 251
 23083247357
 4719132
 4719133
 4719134
 4719135
 34299292682
 23083247414
 23083247143
 1
 2
 3
 4
 5
 6
 7
 34299294309
 34299294305
 22922003659
 23083247516
 4719115
 4719131
 34299294309
 34299294305
 34299294306
 34299294306
 37
 42
 1
 2
 3
 4
 5
 6
 7
 8
 9
 10
 11
 12
 13
 14
 15
 16
 17
 18
 19
 20
 21
 22
 23
 24
 25
 26
 27
 28
 29
 30
 31
 43
 3
 39
 43
 2
 3
 1
 2
 3
 4
 5
 6
 7
 8
 9
 10
 11
 12
 13
 11
 10
 11
 444
 32
 33
 34
 35
 36
 37
 38
 39
 41
 42
 43
 44
 45
 84
 85
 86
 87
 114
 115
 116
 117
 118
 120
 135
 160
 161
 162
 163
 164
 165
 166
 167
 169
 170
 171
 172
 173
 174
 175
 272
 273
 274
 275
 276
 320
 321
 322
 323
 324
 325
 326
 327
 384
 385
 390
 391
 23083247781
 23083247352
 23083247315
 23083247246
 23083247368
 23083247569
 23083247418
 23083247498
 23083247401
 23083247338
 23083247423
 23083247425
 23083247404
 23083247343
 23083247176
 23083247499
 23083247426
 23083247160
 23083247156
 23083247166
 23083247167
 23083247168
 23083247169
 23083247170
 23083247171
 23083247172
 23083247173
 23083247570
 23083247523
 23083247524
 23083247525
 23083247526
 23083247527
 23083247528
 23083247529
 23083247530
 23083247531
 23083247532
 23083247533
 9062
 9063
 9064
 9065
 9066
 9067
 9068
 9069
 9070
 9071
 9072
 9073
 9074
 9075
 9076
 9077
 9078
 9079
 9080
 9081
 9082
 9083
 9084
 9085
 9086
 9087
 9088
 9089
 9090
 9091
 23083247309
 23083247336
 23083247445
 23083247701
 5251111
 5242915
 5242912
 5242913
 5242914
 5242916
 5242917
 5242918
 5242919
 5242920
 5242921
 5242922
 5242923
 5242924
 5242925
 5242926
 5242927
 5242928
 5242929
 5242930
 5242931
 5242932
 5242933
 5242934
 5242935
 5242936
 5242937
 5242938
 5242939
 5242940
 5242941
 5242942
 5242943
 5242944
 5251113
 34359738365
 537
 535
 34180820081
 34180817424
 536
 22991272884
 539
 34180817966
 34180817421
 34359738366
 265
 266
 267
 268
 271
 274
 275
 276
 277
 278
 279
 280
 286
 297
 299
 300
 301
 302
 303
 305
 306
 313
 316
 319
 320
 321
 322
 323
 22922003705
 324
 325
 326
 327
 24
 23083247691
 5242925
 5242940
 447
 22991272892
 538
 22991272883
 1
 2
 3
 4
 5
 6
 7
 8
 9
 10
 11
 12
 13
 14
 15
 16
 17
 18
 19
 20
 21
 22
 23
 24
 25
 26
 27
 28
 29
 30
 31
 51
 32
 33
 34
 35
 36
 37
 38
 39
 40
 41
 42
 43
 44
 45
 46
 47
 48
 22991272893
 22991272886
 22991272891
 34359738365
 2
 3
 4
 5
 6
 7
 8
 9
 10
 11
 12
 13
 14
 15
 4729799
 23083247548
 23083247709
 22991272885
 23083247689
 23083247692
 23083247379
 23083247622
 23083247373
 23083247704
 23083247672
 23083247674
 23083247671
 23083247371
 23083247765
 23083247670
 23083247623
 23083247649
 23083247203
 23083247395
 23083247262
 23083247497
 23083247462
 23083247715
 23083247714
 23083247687
 23083247442
 23083247281
 23083247706
 23083247394
 23083247244
 23083247179
 23083247634
 23083247657
 23083247679
 23083247635
 23083247411
 23083247397
 23083247393
 23083247690
 23083247396
 23083247377
 23083247269
 23083247242
 23083247310
 23083247375
 23083247272
 23083247248
 23083247722
 23083247256
 23083247211
 23083247682
 23083247675
 23083247299
 23083247658
 23083247390
 23083247660
 23083247412
 23083247238
 23083247355
 23083247258
 23083247283
 23083247284
 23083247154
 23083247770
 23083247724
 23083247729
 23083247726
 23083247727
 23083247728
 23083247615
 23083247613
 23083247662
 23083247367
 23083247363
 23083247620
 23083247420
 23083247406
 23083247405
 23083247372
 23083247361
 23083247359
 23083247333
 23083247413
 23083247725
 23083247702
 23083247366
 23083247665
 23083247684
 23083247610
 23083247202
 23083247465
 23083247422
 23083247640
 23083247391
 23083247321
 23083247239
 23083247676
 23083247402
 23083247209
 23083247504
 23083247505
 23083247441
 23083247398
 23083247663
 23083247463
 23083247440
 23083247271
 23083247756
 23083247479
 23083247384
 23083247381
 23083247351
 23083247350
 23083247255
 23083247260
 23083247245
 23083247677
 23083247659
 23083247618
 23083247713
 23083247362
 23083247275
 23083247214
 23083247667
 23083247604
 23083247408
 23083247356
 23083247447
 23083247460
 23083247403
 23083247254
 23083247723
 23083247673
 23083247493
 23083247751
 23083247437
 23083247686
 23083247614
 23083247458
 23083247369
 23083247370
 23083247721
 23083247741
 23083247273
 23083247761
 23083247435
 23083247340
 23083247700
 23083247389
 23083247247
 23083247353
 23083247270
 5776041
 5775386
 5776175
 6817003
 6816992
 6816993
 6816994
 6816995
 6816996
 6816997
 6816998
 6816999
 6817000
 6817001
 6817002
 6817004
 6817005
 6817006
 6817007
 6817008
 6817009
 6817010
 6817011
 6817012
 6817013
 6817014
 6817015
 6817016
 6817017
 6817018
 6817019
 6817020
 6817021
 6817022
 6817023
 6817024
 23083247787
 6825545
 5775376
 5767205
 5767200
 5767201
 5767202
 5767203
 5767204
 5767206
 5767207
 5767208
 5767209
 5767210
 5767211
 5767212
 5767213
 5767214
 5767215
 5767216
 5767217
 5767218
 5767219
 5767220
 9092
 9093
 9094
 9095
 9096
 9097
 9098
 9099
 9100
 9101
 9102
 9103
 4253039
 4253043
 9104
 9105
 9106
 9107
 9108
 9109
 9110
 9111
 9112
 9113
 9114
 9115
 9116
 9117
 9118
 9119
 9120
 9121
 9122
 9123
 9124
 9125
 9126
 9127
 9128
 9129
 9130
 9131
 9132
 9133
 9134
 5767221
 5767222
 5767223
 5767224
 5767225
 5767226
 5767227
 5767228
 5767229
 5767230
 5767231
 5767232
 5775422
 5775430
 5775423
 5775378
 5776211
 5776288
 5776212
 23083247782
 23083247783
 5776286
 23083247784
 5767928
 5767904
 5767905
 5767906
 5767907
 5767908
 5767909
 5767910
 5767911
 5767912
 5767913
 5767914
 5767915
 5767916
 5767917
 5767918
 5767919
 5767920
 5767921
 5767922
 5767923
 5767924
 5767925
 5767926
 5767927
 5767929
 5767930
 5767931
 5767932
 5767933
 5767934
 5767935
 5767936
 5776252
 5775377
 5776065
 5776446
 5776251
 5776445
 5776125
 5776448
 5776269
 23083247785
 23083247786
 5776066
 5767529
 5767520
 5767521
 5767522
 5767523
 5767524
 5767525
 5767526
 5767527
 5767528
 5767530
 5767531
 5767532
 5767533
 5767534
 5767535
 5767536
 5767537
 5767538
 5767539
 5767540
 5767541
 5767542
 5767543
 5767544
 5767545
 5767546
 5767547
 5767548
 5767549
 5767550
 5767551
 5767552
 5767781
 5767776
 5767777
 5767778
 23083247718
 23083247494
 23083247267
 23083247259
 6817002
 6817018
 5767204
 5767220
 5775423
 5767909
 5767924
 5776446
 5767525
 5767541
 5767778
 5767779
 5767780
 5767782
 5767783
 5767784
 5767785
 5767786
 5767787
 5767788
 5767789
 5767790
 5767791
 5767792
 5767793
 5767794
 5767795
 5767796
 5767797
 5767798
 5767799
 5767800
 5767801
 5767802
 5767803
 5767804
 5767805
 5767806
 5767807
 5767808
 5776447
 5776302
 5776135
 5776279
 34299294279
 23083240828
 23083240826
 34359738365
 448
 23083247778
 251
 23083247158
 23083247143
 23083247536
 23083247777
 23083247579
 9135
 2675
 4253044
 4253047
 38
 34299292683
 23083247589
 23083247767
 23083247588
 34299292682
 23083247592
 23083247586
 23083247563
 23083247522
 4718629
 4718624
 4718625
 4718626
 4718627
 4718628
 4718630
 4718631
 4718632
 4718633
 4718634
 4718635
 4718636
 4718637
 4718638
 4718639
 4718640
 4718641
 4718642
 4718643
 4718644
 4718645
 4718646
 4718647
 4718648
 4718649
 4718650
 4718651
 4718652
 4718653
 4718654
 4718655
 4718656
 449
 1
 2
 3
 34359738366
 9238
 1062
 1063
 1064
 1065
 1066
 1067
 1068
 1069
 1070
 1071
 1072
 1073
 1074
 1075
 1076
 1077
 1078
 1079
 1080
 1081
 1082
 1083
 1084
 1085
 1086
 1087
 1088
 1089
 1090
 1091
 1092
 1093
 1094
 5776433
 5768578
 5768576
 258
 23083247560
 4718629
 4718639
 4718654
 522
 523
 1067
 1082
 5768576
 5768577
 5768579
 5768580
 5768581
 5768582
 5768583
 5768584
 5768585
 5768586
 5768587
 5768588
 5768589
 5768590
 5768591
 5768592
 5768593
 5768594
 5768595
 5768596
 5768597
 5768598
 5768599
 5768600
 5768601
 5768602
 5768603
 5768604
 5768605
 5768606
 5768607
 5768608
 5768592
 5768607
 42
 43
 44
 45
 46
 47
 48
 49
 50
 51
 52
 53
 54
 55
 56
 57
 58
 59
 60
 61
 62
 63
 64
 65
 66
 67
 68
 69
 70
 71
 72
 73
 74
 75
 76
 77
 78
 79
 80
 81
 82
 83
 84
 85
 86
 87
 88
 89
 90
 91
 92
 93
 94
 95
 96
 97
 98
 99
 100
 101
 102
 103
 104
 105
 106
 107
 108
 109
 110
 111
 112
 113
 114
 115
 116
 117
 118
 119
 120
 121
 122
 123
 124
 125
 126
 127
 128
 129
 130
 131
 132
 133
 134
 135
 136
 138
 139
 140
 141
 142
 143
 144
 145
 146
 147
 148
 149
 150
 151
 152
 153
 154
 155
 156
 157
 158
 159
 160
 161
 162
 163
 164
 165
 166
 167
 168
 169
 186
 187
 188
 189
 190
 191
 192
 193
 194
 195
 196
 197
 198
 199
 200
 201
 218
 219
 220
 221
 222
 223
 224
 225
 226
 228
 229
 230
 231
 232
 233
 47
 65
 67
 68
 69
 70
 71
 104
 105
 106
 108
 146
 147
 148
 149
 150
 200
 201
 202
 203
 206
 207
 208
 209
 210
 211
 212
 213
 214
 215
 232
 233
 234
 312
 313
 314
 315
 316
 317
 318
 319
 4
 5
 6
 7
 8
 9
 10
 11
 12
 13
 14
 15
 16
 15
 38
 34359738365
 37
 34359738364
 34324941800
 12
 34324941796
 6300669
 6292166
 6292160
 6292161
 6292162
 6292163
 6292164
 6292165
 6292167
 6292168
 6292169
 6292170
 6292171
 6292172
 6292173
 6292174
 6292175
 6292176
 6292177
 6292178
 6292179
 6292180
 6292181
 23083247594
 23083247141
 23083247601
 23083240830
 259
 23083240827
 23083247517
 9136
 9137
 9138
 9139
 9140
 9141
 9142
 9143
 9144
 9145
 9146
 9147
 9148
 9149
 9150
 9151
 9152
 9153
 9154
 9155
 9156
 9157
 9158
 6292182
 6292183
 6292184
 6292185
 6292186
 6292187
 6292188
 6292189
 6292190
 6292191
 6292192
 1
 2
 3
 4
 5
 6
 7
 8
 9
 10
 11
 12
 13
 14
 15
 16
 17
 18
 19
 20
 21
 22
 23
 5776189
 5767292
 5767264
 5767265
 5767266
 5767267
 5767268
 5767269
 5767270
 5767271
 5767272
 5767273
 5767274
 5767275
 5767276
 5767277
 5767278
 5767279
 5767280
 5767281
 5767282
 5767283
 5767284
 5767285
 5767286
 5767287
 5767288
 5767289
 5767290
 5767291
 5767293
 5767294
 5767295
 5767296
 6292165
 6292181
 5767271
 5767286
 32
 33
 34
 35
 36
 37
 38
 39
 40
 41
 42
 43
 43
 42
 5776132
 5776132
 7
 6
 34324941797
 5776042
 34359738363
 433
 434
 435
 436
 437
 438
 439
 440
 441
 442
 443
 444
 445
 446
 447
 448
 449
 450
 451
 452
 453
 454
 455
 456
 457
 458
 459
 460
 461
 462
 463
 464
 449
 447
 25
 32
 33
 34
 35
 36
 24
 34324941770
 34324941771
 444
 445
 446
 448
 39
 40
 41
 34324939206
 34324940172
 34324940170
 34324940169
 136
 137
 138
 23154209736
 1
 2
 3
 4
 5
 6
 7
 8
 9
 10
 11
 12
 13
 14
 15
 16
 17
 18
 19
 20
 21
 74
 75
 76
 77
 78
 79
 80
 81
 82
 83
 84
 85
 86
 87
 88
 89
 90
 91
 92
 93
 94
 95
 96
 97
 98
 99
 100
 101
 411
 412
 413
 414
 415
 416
 417
 418
 419
 420
 421
 422
 423
 424
 425
 426
 427
 428
 429
 430
 431
 432
 433
 434
 435
 436
 350
 351
 352
 353
 354
 355
 356
 357
 358
 359
 360
 361
 362
 363
 364
 365
 366
 367
 368
 369
 370
 371
 372
 373
 374
 375
 376
 377
 378
 23154209737
 13
 23154209738
 1
 2
 3
 9159
 9160
 9161
 9162
 9163
 9164
 9165
 9166
 9167
 9168
 9169
 9170
 9171
 9172
 9173
 9174
 9175
 9176
 9177
 9178
 9179
 9180
 9181
 9182
 9183
 9184
 9185
 9186
 9187
 9188
 9189
 9190
 9191
 9192
 9193
 9194
 9195
 9196
 9197
 9198
 9199
 5767794
 5776447
 4
 5
 6
 1
 2
 3
 4
 5
 6
 7
 8
 9
 10
 11
 12
 13
 14
 15
 16
 17
 18
 19
 20
 21
 22
 23
 24
 25
 26
 27
 28
 29
 30
 31
 32
 33
 34
 35
 36
 37
 38
 39
 40
 41
 42
 43
 44
 45
 46
 47
 48
 49
 50
 51
 52
 53
 54
 55
