 458679
 469881
 211954
 211957
 469882
 469883
 211958
 211959
 211960
 211962
 211964
 252907
 470270
 470321
 248959
 211966
 212076
 212080
 490275
 212081
 470322
 470326
 470329
 212083
 229225
 470330
 212089
 470332
 470333
 470334
 228856
 470398
 212091
 470563
 228857
 470564
 470566
 212159
 212280
 212284
 470568
 470570
 212285
 212465
 212469
 470571
 470572
 212470
 212471
 470574
 470575
 470576
 212473
 212476
 470577
 470579
 470580
 212477
 212479
 212652
 470716
 470737
 470739
 470741
 470744
 470747
 470750
 240123
 212653
 470752
 470753
 470754
 212659
 212660
 507247
 212663
 212668
 482472
 470756
 212669
 470760
 470762
 470767
 1675
 1676
 1677
 1678
 1679
 1680
 1681
 1682
 1683
 1684
 1685
 1686
 1687
 1256
 1257
 1258
 1259
 1260
 1268
 1269
 1688
 1689
 1690
 1691
 1692
 1693
 1694
 1695
 1696
 1697
 1698
 1699
 1700
 1701
 1702
 1703
 1704
 1705
 1706
 1707
 1708
 1709
 1710
 1711
 1712
 470768
 217060
 470769
 212684
 470770
 470776
 470781
 482477
 212685
 212686
 482478
 212687
 482482
 245362
 482484
 212688
 212690
 490276
 212691
 212695
 482486
 212696
 212699
 212700
 220520
 482487
 482491
 212702
 212703
 482661
 212707
 482664
 482665
 212712
 482667
 482669
 482671
 212713
 482673
 482674
 482676
 212714
 482682
 482683
 212718
 482684
 212721
 212724
 482686
 482720
 482727
 482730
 212725
 482736
 482737
 212727
 482738
 217063
 482740
 212731
 212732
 212733
 212790
 482742
 212793
 212794
 482744
 212840
 212846
 212848
 482748
 239983
 482803
 482807
 482811
 212849
 482813
 482930
 482932
 237428
 482933
 482937
 482939
 212851
 212852
 482941
 212854
 212858
 212969
 212971
 482985
 212972
 482986
 482989
 482992
 212973
 482996
 212974
 212977
 483000
 212978
 483003
 483006
 483047
 212980
 483053
 483055
 483056
 483059
 483060
 483065
 483067
 212982
 212985
 483132
 212986
 483135
 483234
 239987
 483236
 212987
 212988
 217064
 483237
 483239
 217070
 217071
 483240
 483241
 483243
 217078
 217079
 483245
 483250
 483251
 483254
 483256
 217080
 483258
 217084
 239989
 483260
 483263
 217085
 490277
 239994
 217087
 490278
 490280
 490283
 220522
 490284
 490287
 220525
 220528
 220529
 220530
 490289
 220531
 220532
 490295
 490296
 249150
 220534
 220535
 490297
 220536
 220538
 490298
 490940
 220790
 490942
 252910
 491070
 220794
 491114
 491118
 220795
 491120
 491122
 220798
 220902
 491123
 491125
 220907
 491128
 237431
 491130
 220908
 491313
 491318
 491320
 220911
 220916
 491321
 220917
 220922
 491323
 491324
 220924
 228859
 491325
 239999
 491326
 491327
 228860
 229027
 229029
 491385
 491387
 491390
 229032
 229036
 229037
 229039
 229041
 229047
 245371
 229050
 491391
 229052
 229228
 229229
 229232
 229234
 229235
 229236
 229240
 491516
 229245
 229247
 229310
 240125
 491517
 499454
 237438
 499455
 499539
 237439
 237501
 499540
 237502
 499541
 499544
 499547
 240126
 240127
 240174
 240176
 240181
 240182
 240185
 499548
 499550
 240186
 240191
 249151
 499553
 511346
 240254
 499555
 499560
 240504
 240505
 240751
 499562
 240752
 240755
 240760
 240762
 8454791
 8194047
 240880
 240881
 499563
 499564
 240885
 507122
 499566
 499567
 499575
 240886
 241023
 241131
 241137
 241140
 241141
 241142
 241143
 499578
 507123
 241145
 499580
 241147
 507127
 499581
 241151
 241270
 241273
 241276
 241277
 241278
 vmscan: 166259
 vmscan: 61051
 vmscan: 339893
 vmscan: 216378
 vmscan: 170610
 vmscan: 210877
 vmscan: 92767
 vmscan: 89022
 vmscan: 474750
 vmscan: 244791
 vmscan: 339895
 vmscan: 61052
 vmscan: 129084
 vmscan: 61053
 vmscan: 339902
 vmscan: 339903
 vmscan: 61054
 vmscan: 339953
 vmscan: 339955
 vmscan: 462578
 vmscan: 404729
 vmscan: 339959
 vmscan: 446119
 vmscan: 339961
 vmscan: 77093
 vmscan: 61110
 vmscan: 339966
 vmscan: 61111
 vmscan: 61112
 vmscan: 109497
 vmscan: 61113
 vmscan: 462579
 vmscan: 347967
 vmscan: 61114
 vmscan: 237040
 vmscan: 61118
 vmscan: 408765
 vmscan: 61119
 vmscan: 61163
 vmscan: 228527
 vmscan: 129086
 vmscan: 468847
 vmscan: 489853
 vmscan: 375532
 vmscan: 257854
 vmscan: 384191
 vmscan: 487407
 vmscan: 143086
 vmscan: 474993
 vmscan: 84223
 vmscan: 61164
 vmscan: 384225
 vmscan: 61165
 vmscan: 384228
 vmscan: 61174
 vmscan: 118774
 vmscan: 137790
 vmscan: 61175
 vmscan: 61182
 vmscan: 348024
 vmscan: 61208
 vmscan: 348027
 vmscan: 61211
 vmscan: 61216
 vmscan: 68667
 vmscan: 404734
 vmscan: 348080
 vmscan: 239610
 vmscan: 420153
 vmscan: 61217
 vmscan: 122301
 vmscan: 448892
 vmscan: 348083
 vmscan: 380657
 vmscan: 61218
 vmscan: 112444
 vmscan: 454108
 vmscan: 118775
 vmscan: 375536
 241279
 241657
 8400138
 241660
 499697
 499698
 245491
 499699
 499700
 499703
 245494
 499705
 499707
 245497
 245498
 245500
 499708
 499709
 503487
 249337
 503738
 249340
 507129
 507130
 507167
 507168
 249470
 507174
 507177
 249471
 507179
 249527
 507180
 507182
 249528
 507183
 249530
 507184
 249532
 249598
 507190
 507191
 249638
 249644
 507195
 507198
 249646
 507199
 507244
 507245
 249648
 507248
 249656
 507250
 507251
 507252
 507258
 249657
 249660
 249726
 1713
 1714
 1715
 1716
 1717
 1718
 1719
 1720
 1721
 1722
 1723
 1724
 1725
 1726
 1727
 1728
 1729
 1730
 1731
 1732
 1733
 1734
 1735
 1736
 1737
 1738
 1739
 1740
 1741
 1742
 507261
 249727
 252911
 252920
 507263
 507310
 252922
 252927
 252984
 252985
 507311
 507312
 507317
 252988
 252989
 1743
 1744
 1745
 1746
 1747
 1748
 1749
 1750
 1751
 1752
 1753
 1754
 1755
 1756
 1757
 1758
 1759
 1760
 1761
 1762
 1763
 1764
 1765
 1766
 1767
 1768
 1769
 1770
 1771
 1772
 507321
 507324
 507325
 253293
 253307
 253308
 253310
 253311
 253435
 253437
 507327
 507437
 507440
 253438
 507443
 507444
 507447
 253616
 253623
 253624
 507449
 507452
 253626
 253688
 253689
 507455
 253691
 253695
 507607
 507609
 1773
 1774
 1775
 1776
 1777
 1778
 1779
 1780
 1781
 1782
 1783
 1784
 1785
 1786
 1787
 1788
 1789
 1790
 1791
 1792
 1793
 1794
 1795
 1796
 1797
 1798
 1799
 1800
 1801
 1802
 253747
 253755
 253756
 253758
 507611
 511641
 507617
 507618
 253844
 507619
 507620
 253847
 253850
 253851
 507622
 1803
 1804
 1805
 1806
 1807
 1808
 1809
 1810
 1811
 1812
 1813
 1814
 1815
 1816
 1817
 1818
 1819
 1820
 1821
 1822
 1823
 1824
 1825
 1826
 1827
 1828
 1829
 1830
 1831
 1832
 1833
 1834
 1835
 1836
 1837
 1838
 1839
 1840
 1841
 1842
 1843
 1844
 1845
 1846
 1847
 507627
 511348
 253854
 253858
 507628
 507632
 253861
 507636
 253863
 253865
 253869
 253870
 507638
 507639
 253871
 vmscan: 500
 vmscan: 455
 vmscan: 442
 vmscan: 419
 vmscan: 414
 vmscan: 409
 vmscan: 386
 vmscan: 346
 vmscan: 261814
 vmscan: 61222
 vmscan: 348085
 vmscan: 61223
 vmscan: 61224
 vmscan: 61225
 vmscan: 146362
 vmscan: 348091
 vmscan: 61226
 vmscan: 146364
 vmscan: 224822
 vmscan: 61227
 vmscan: 489855
 vmscan: 237041
 vmscan: 354969
 vmscan: 261819
 vmscan: 375542
 vmscan: 61228
 vmscan: 143087
 vmscan: 61230
 vmscan: 131033
 vmscan: 354970
 vmscan: 354971
 vmscan: 77095
 vmscan: 354974
 vmscan: 186366
 vmscan: 61232
 vmscan: 61233
 vmscan: 61235
 vmscan: 462584
 vmscan: 257905
 vmscan: 354977
 vmscan: 137791
 vmscan: 92768
 vmscan: 354978
 vmscan: 61237
 vmscan: 220386
 vmscan: 61242
 vmscan: 384229
 vmscan: 499383
 vmscan: 375548
 vmscan: 61243
 vmscan: 166262
 vmscan: 446125
 vmscan: 61245
 vmscan: 61360
 vmscan: 354979
 vmscan: 61362
 vmscan: 105846
 vmscan: 354980
 vmscan: 61368
 vmscan: 61373
 vmscan: 354981
 vmscan: 61374
 vmscan: 63611
 vmscan: 106102
 vmscan: 387065
 vmscan: 63653
 vmscan: 63656
 vmscan: 109501
 vmscan: 354982
 vmscan: 63663
 vmscan: 63666
 vmscan: 407546
 vmscan: 63667
 vmscan: 109560
 vmscan: 354990
 vmscan: 84388
 vmscan: 113469
 vmscan: 495278
 vmscan: 63670
 vmscan: 143089
 vmscan: 63671
 vmscan: 63673
 vmscan: 63675
 vmscan: 354992
 vmscan: 387123
 vmscan: 63678
 vmscan: 63919
 vmscan: 354995
 vmscan: 257906
 vmscan: 438002
 vmscan: 63926
 vmscan: 63930
 vmscan: 77099
 vmscan: 204791
 vmscan: 122303
 vmscan: 354996
 vmscan: 421533
 vmscan: 63933
 vmscan: 354998
 vmscan: 63969
 vmscan: 228528
 vmscan: 387126
 vmscan: 239613
 vmscan: 354999
 vmscan: 63971
 vmscan: 487409
 vmscan: 355000
 vmscan: 63973
 vmscan: 487413
 vmscan: 63974
 vmscan: 204793
 vmscan: 63977
 vmscan: 63979
 vmscan: 421162
 vmscan: 63980
 vmscan: 208554
 vmscan: 89137
 vmscan: 355001
 vmscan: 438003
 vmscan: 63981
 vmscan: 63984
 vmscan: 248753
 vmscan: 384231
 vmscan: 63985
 vmscan: 122620
 vmscan: 224823
 vmscan: 63986
 vmscan: 262008
 vmscan: 63993
 vmscan: 420155
 vmscan: 355002
 vmscan: 355003
 vmscan: 143091
 vmscan: 355007
 vmscan: 387128
 vmscan: 63996
 vmscan: 355181
 vmscan: 63997
 vmscan: 355184
 vmscan: 64037
 vmscan: 490033
 vmscan: 220387
 vmscan: 252633
 vmscan: 224824
 vmscan: 370483
 vmscan: 355187
 vmscan: 355189
 vmscan: 407998
 vmscan: 261820
 vmscan: 129087
 vmscan: 420158
 vmscan: 186478
 vmscan: 355192
 vmscan: 109563
 vmscan: 355194
 vmscan: 380189
 vmscan: 170612
 vmscan: 137969
 vmscan: 457533
 vmscan: 228529
 vmscan: 64039
 vmscan: 503099
 vmscan: 92773
 vmscan: 64043
 vmscan: 64044
 vmscan: 384232
 vmscan: 81777
 vmscan: 380082
 vmscan: 166263
 vmscan: 355195
 vmscan: 64046
 vmscan: 64047
 vmscan: 64051
 vmscan: 64052
 vmscan: 355198
 vmscan: 92775
 vmscan: 355199
 vmscan: 64053
 vmscan: 64056
 vmscan: 112445
 vmscan: 506867
 vmscan: 425304
 vmscan: 64057
 vmscan: 170617
 vmscan: 355384
 vmscan: 462590
 vmscan: 355385
 vmscan: 355389
 vmscan: 122622
 vmscan: 355391
 vmscan: 438005
 vmscan: 77100
 vmscan: 482356
 vmscan: 77104
 vmscan: 64059
 vmscan: 64062
 vmscan: 64319
 vmscan: 199029
 vmscan: 261861
 vmscan: 355455
 vmscan: 143092
 vmscan: 77614
 vmscan: 204794
 vmscan: 64343
 vmscan: 438006
 vmscan: 355634
 vmscan: 92780
 vmscan: 64346
 vmscan: 355635
 vmscan: 446126
 vmscan: 370983
 vmscan: 64348
 vmscan: 64350
 vmscan: 355637
 vmscan: 64351
 vmscan: 77106
 vmscan: 474995
 vmscan: 64352
 vmscan: 355638
 vmscan: 355639
 vmscan: 64354
 vmscan: 503100
 vmscan: 166265
 vmscan: 143094
 vmscan: 482359
 vmscan: 355642
 vmscan: 64357
 vmscan: 64362
 vmscan: 64368
 vmscan: 252637
 vmscan: 64371
 vmscan: 355644
 vmscan: 355687
 vmscan: 420181
 vmscan: 64373
 vmscan: 64374
 vmscan: 370484
 vmscan: 355688
 vmscan: 224830
 vmscan: 355689
 vmscan: 77107
 vmscan: 64376
 vmscan: 474999
 vmscan: 355693
 vmscan: 355694
 vmscan: 355695
 vmscan: 355696
 vmscan: 355703
 vmscan: 64379
 vmscan: 407737
 vmscan: 433590
 vmscan: 220392
 vmscan: 112446
 vmscan: 355707
 vmscan: 129151
 vmscan: 92783
 vmscan: 396315
 vmscan: 64383
 vmscan: 355708
 vmscan: 186480
 vmscan: 64492
 vmscan: 64493
 vmscan: 355709
 vmscan: 372273
 vmscan: 355710
 vmscan: 64494
 vmscan: 355739
 vmscan: 446135
 vmscan: 425305
 vmscan: 355743
 vmscan: 355744
 vmscan: 64498
 vmscan: 68669
 vmscan: 220393
 vmscan: 457534
 vmscan: 511404
 vmscan: 355745
 vmscan: 384235
 vmscan: 370487
 vmscan: 64499
 vmscan: 355746
 vmscan: 68671
 vmscan: 384383
 vmscan: 109566
 vmscan: 220395
 vmscan: 64502
 vmscan: 261866
 vmscan: 143095
 vmscan: 64503
 vmscan: 68858
 vmscan: 355749
 vmscan: 64504
 vmscan: 64505
 vmscan: 64506
 vmscan: 495280
 vmscan: 355750
 vmscan: 64702
 vmscan: 495282
 vmscan: 64750
 vmscan: 355753
 vmscan: 503101
 vmscan: 468848
 vmscan: 112502
 vmscan: 71484
 vmscan: 92785
 vmscan: 64751
 vmscan: 64752
 vmscan: 404735
 vmscan: 64754
 vmscan: 495288
 vmscan: 64759
 vmscan: 64763
 vmscan: 64764
 vmscan: 89141
 vmscan: 355755
 vmscan: 503223
 vmscan: 64767
 vmscan: 65020
 vmscan: 355759
 vmscan: 503224
 vmscan: 384237
 vmscan: 355760
 vmscan: 428859
 vmscan: 511020
 vmscan: 511022
 vmscan: 355761
 vmscan: 355762
 vmscan: 210933
 vmscan: 355763
 vmscan: 109567
 vmscan: 216379
 vmscan: 216380
 vmscan: 355765
 vmscan: 355766
 vmscan: 355767
 vmscan: 208556
 vmscan: 84389
 vmscan: 68863
 vmscan: 355770
 vmscan: 105851
 vmscan: 454113
 vmscan: 65023
 vmscan: 248757
 vmscan: 448997
 vmscan: 355771
 vmscan: 355772
 vmscan: 355773
 vmscan: 355775
 vmscan: 208561
 vmscan: 355826
 vmscan: 109628
 vmscan: 355830
 vmscan: 112506
 253872
 507640
 253877
 507643
 253878
 507646
 253882
 507756
 253883
 253885
 507757
 507758
 507759
 507761
 253949
 507763
 507768
 507772
 507774
 507901
 511350
 511351
 511355
 511358
 511406
 511409
 511412
 511413
 511415
 511416
 511420
 511462
 511463
 511465
 511468
 511470
 511472
 511475
 511476
 511478
 511481
 511482
 511484
 511485
 511533
 511534
 511536
 511539
 511542
 511547
 511548
 511550
 511551
 511584
 511590
 511591
 511592
 511593
 511595
 511596
 511597
 511598
 511602
 511605
 511606
 511607
 511611
 511612
 511614
 511642
 511644
 511646
 511647
 511649
 511651
 511657
 511658
 511659
 511661
 511662
 511666
 511667
 511671
 511674
 511675
 511677
 511737
 511739
 511742
 511836
 511837
 511849
 511854
 511855
 511857
 511863
 511867
 511869
 511870
 34201136842
 17
 18
 19
 20
 21
 22
 27
 28
 29
 30
 31
 33
 34
 35
 36
 37
 40
 41
 42
 44
 45
 46
 47
 72
 73
 74
 82
 83
 84
 85
 86
 87
 88
 89
 90
 91
 92
 93
 94
 95
 96
 97
 98
 99
 100
 101
 102
 103
 34201135781
 448
 27969
 7513
 7517
 132
 133
 134
 135
 136
 137
 138
 139
 140
 141
 142
 143
 144
 145
 146
 147
 148
 149
 150
 151
 152
 153
 154
 155
 156
 157
 158
 159
 160
 161
 162
 163
 164
 165
 166
 167
 168
 169
 170
 171
 172
 173
 174
 175
 176
 177
 178
 179
 180
 181
 182
 183
 184
 185
 186
 187
 188
 1
 2
 3
 4
 5
 6
 7
 8
 9
 10
 14
 15
 16
 38
 1
 2
 3
 4
 5
 6
 7
 8
 9
 10
 11
 12
 13
 14
 15
 16
 17
 18
 19
 20
 21
 22
 23
 24
 25
 26
 27
 28
 29
 30
 31
 1
 2
 3
 4
 5
 6
 7
 8
 9
 10
 11
 12
 13
 14
 15
 16
 17
 18
 19
 20
 21
 22
 23
 24
 25
 26
 27
 28
 29
 30
 31
 1
 2
 3
 4
 5
 6
 7
 8
 9
 10
 11
 12
 13
 14
 15
 16
 17
 18
 19
 20
 21
 22
 1
 2
 3
 4
 5
 6
 7
 8
 9
 10
 11
 12
 13
 14
 15
 16
 17
 18
 19
 1
 1
 2
 3
 4
 5
 6
 7
 8
 9
 10
 11
 12
 13
 14
 15
 16
 17
 18
 19
 20
 21
 8399404
 449
 64
 65
 66
 67
 68
 69
 70
 71
 13
 27
 48
 49
 50
 56
 57
 58
 59
 60
 61
 62
 110329
 113082
 113086
 130812
 130813
 188143
 240319
 388083
 388091
 388540
 388541
 421424
 425533
 429437
 449771
 457788
 470269
 470772
 470782
 503423
 511167
 511408
 1
 2
 3
 4
 5
 6
 7
 8
 9
 10
 11
 12
 13
 14
 15
 16
 17
 18
 19
 20
 21
 22
 23
 24
 25
 26
 27
 1
 2
 17
 1
 2
 3
 4
 5
 6
 7
 8
 9
 10
 11
 12
 13
 14
 15
 1
 2
 3
 4
 5
 6
 8
 9
 26
 27
 28
 29
 30
 31
 33
 34
 35
 36
 34201033310
 448
 34201033311
 1874
 1858
 104
 105
 106
 108
 110
 111
 114
 115
 116
 117
 118
 119
 120
 121
 122
 123
 124
 125
 126
 34201010176
 53
 25
 444
 1860
 41
 307
 38
 34201033313
 34201218751
 7514
 34201218697
 34201218709
 34201218698
 34201218699
 34201218700
 34201218701
 34201218702
 34201218703
 34201218704
 34201218705
 34201218706
 34201218707
 34201218708
 34201218721
 34201218710
 34201218711
 34201218712
 34201218713
 34201218714
 34201218715
 34201218716
 34201218717
 34201218718
 34201218719
 34201218720
 34201218733
 34201218722
 34201218723
 34201218724
 34201218725
 34201218726
 34201218727
 34201218728
 34201218729
 34201218730
 34201218731
 34201218732
 34201218745
 34201218734
 34201218735
 34201218736
 34201218737
 34201218738
 34201218739
 34201218740
 34201218741
 34201218742
 34201218743
 34201218744
 7512
 34359738364
 75
 76
 81
 82
 84
 85
 86
 87
 88
 89
 90
 127
 128
 129
 130
 131
 12805
 7001893
 12806
 12807
 12808
 12809
 12810
 12811
 12812
 12813
 12814
 12815
 12816
 12817
 12818
 12819
 12820
 12821
 12822
 12823
 12824
 12825
 12826
 12827
 12828
 12829
 12830
 12831
 1848
 1849
 1850
 1851
 1852
 1853
 1854
 1855
 1856
 1857
 1858
 1859
 1860
 1861
 1862
 1863
 1864
 1865
 1866
 1867
 1868
 1869
 1870
 1871
 1872
 1873
 1874
 1875
 1876
 1877
 1878
 1879
 1880
 1881
 1882
 1883
 1884
 1885
 1886
 1887
 1888
 1889
 1890
 1891
 1892
 1893
 1894
 1895
 1896
 1897
 1898
 1899
 1900
 1901
 1902
 1903
 1904
 1905
 1906
 1907
 1908
 1909
 1910
 1911
 1912
 1913
 1914
 1915
 1916
 1917
 1918
 1919
 1920
 1921
 1922
 1923
 1924
 1925
 1926
 1927
 1928
 1929
 1930
 1931
 1932
 1933
 1934
 1935
 1936
 1937
 12832
 12833
 12834
 12835
 12836
 7519
 7520
 7515
 7513
 27968
 1
 2
 3
 4
 12
 14
 15
 18
 26
 28
 29
 32
 40
 27969
 1938
 1939
 1940
 1941
 1942
 1943
 1944
 1945
 1946
 1947
 1948
 1949
 1950
 1951
 1952
 1953
 1954
 1955
 1956
 1957
 1958
 1959
 1960
 1961
 1962
 1963
 1964
 1965
 1966
 1967
 1845
 1
 1968
 1969
 1970
 1971
 1972
 1973
 1974
 1975
 1991
 1992
 1993
 1994
 1995
 1996
 1997
 1998
 1999
 2000
 2001
 2002
 2003
 2004
 2005
 2006
 2007
 2008
 2009
 2010
 2011
 2012
 2013
 2014
 2015
 2016
 2017
 2018
 2019
 2020
 2021
 2022
 522
 523
 2028
 2029
 2030
 2031
 2032
 2033
 2034
 2035
 2036
 2037
 2038
 2039
 2040
 2041
 2042
 2043
 2044
 2045
 2046
 2047
 2048
 2049
 2050
 2051
 2052
 2053
 2054
 2055
 2056
 2057
 2058
 2059
 2065
 2066
 2067
 2068
 2069
 2070
 2071
 2072
 2073
 2074
 2075
 2076
 2077
 2078
 2079
 2080
 2081
 2082
 2083
 2084
 2085
 2086
 2087
 2088
 2089
 2090
 2091
 2092
 2093
 2094
 2095
 2096
 2102
 2103
 2104
 2105
 2106
 2107
 2108
 2109
 2110
 2111
 2112
 2113
 2114
 2115
 2116
 2117
 2118
 2119
 2120
 2121
 2122
 2123
 2124
 2125
 2126
 2127
 2128
 2129
 2130
 34201218763
 34201218764
 34201218761
 34201218762
 34201218759
 34201218760
 34201218757
 7482
 7483
 306
 2131
 2132
 2133
 2141
 2142
 2143
 2144
 2145
 2146
 2147
 2148
 2149
 2150
 2151
 2152
 2153
 2154
 2155
 2156
 2157
 2158
 2159
 2160
 2161
 2162
 2163
 2164
 2165
 2166
 2167
 2168
 2169
 2170
 2171
 2172
 2178
 2179
 2180
 2181
 2182
 2183
 2184
 2185
 2186
 2187
 2188
 2189
 2190
 2191
 2192
 2193
 2194
 2195
 2196
 2197
 2198
 2199
 2200
 2201
 2202
 305
 304
 303
 2203
 2204
 2205
 2206
 2207
 2208
 2209
 2215
 2216
 2217
 2218
 2219
 2220
 2221
 2222
 2223
 2224
 2225
 2226
 2227
 2228
 2229
 2230
 2231
 2232
 2233
 2234
 2235
 2236
 2237
 295
 300
 293
 298
 294
 63
 64
 65
 66
 67
 68
 69
 70
 71
 72
 73
 74
 75
 76
 77
 78
 79
 80
 81
 82
 83
 84
 85
 86
 87
 88
 89
 90
 91
 92
 2238
 2239
 2240
 2241
 2242
 2243
 2244
 2245
 2246
 2247
 2248
 2249
 2250
 2251
 2252
 2253
 2254
 2255
 2256
 2257
 2258
 2259
 2260
 2261
 2262
 2263
 2264
 2265
 2266
 2267
 93
 94
 1
 2
 3
 4
 5
 6
 7
 8
 9
 10
 1800
 1841
 9
 34201123829
 10
 1563
 1564
 1565
 1566
 1567
 1568
 1569
 1570
 1571
 1572
 1573
 1574
 1575
 1576
 1577
 1578
 1579
 1580
 1581
 1582
 1583
 1584
 1585
 1586
 1587
 1588
 1589
 1590
 1591
 1592
 1593
 1594
 7507
 7509
 34201123815
 2268
 2269
 2270
 2271
 2272
 2273
 2274
 2275
 2276
 2277
 2278
 2279
 2280
 2281
 2282
 2283
 2284
 2285
 2286
 2287
 2288
 2289
 2290
 2291
 2292
 2293
 2294
 2295
 2296
 2297
 7504
 34201123814
 1840
 34201123820
 7508
 34201123816
 7503
 34201123821
 7505
 34201123818
 34201123817
 34201123819
 7502
 1839
 1838
 3
 144
 145
 146
 147
 148
 149
 150
 151
 152
 153
 154
 155
 156
 157
 158
 159
 160
 161
 162
 163
 164
 165
 166
 167
 168
 169
 170
 171
 172
 173
 174
 175
 385
 34201126968
 276
 277
 278
 279
 280
 281
 282
 283
 284
 285
 286
 287
 288
 289
 290
 291
 292
 293
 294
 295
 296
 297
 298
 299
 300
 301
 302
 303
 304
 305
 306
 307
 1232
 1233
 1234
 1235
 1236
 1237
 1238
 1239
 1240
 1241
 1242
 1243
 1244
 1245
 1246
 1247
 1248
 1249
 1250
 1251
 1252
 1253
 1254
 1255
 1256
 1257
 1258
 1259
 1260
 1261
 1262
 1263
 1161
 1162
 1163
 1164
 1165
 1166
 1167
 1168
 1169
 1170
 1171
 1172
 1173
 1174
 1175
 1176
 1177
 1178
 1179
 1180
 1181
 1182
 1183
 1184
 1185
 1186
 1187
 1188
 1189
 1190
 1191
 1192
 1820
 34201218243
 121
 122
 123
 124
 125
 126
 127
 128
 129
 130
 131
 132
 133
 134
 135
 136
 137
 138
 139
 140
 141
 142
 143
 34201218242
 7511
 386
 1
 2
 3
 4
 5
 6
 7
 8
 9
 10
 11
 12
 13
 14
 15
 16
 17
 18
 19
 20
 21
 22
 23
 24
 25
 26
 27
 28
 29
 30
 31
 90
 91
 92
 93
 94
 95
 96
 97
 98
 99
 100
 101
 102
 103
 104
 105
 106
 107
 108
 109
 110
 111
 112
 113
 114
 115
 116
 117
 118
 119
 120
 34201218753
 32
 33
 34
 35
 36
 37
 38
 39
 40
 41
 42
 43
 44
 45
 46
 47
 48
 49
 50
 51
 52
 53
 54
 55
 56
 1
 2
 3
 4
 5
 6
 7
 8
 9
 10
 11
 12
 13
 14
 15
 16
 17
 18
 19
 20
 21
 22
 23
 24
 25
 26
 27
 28
 29
 2298
 2299
 2300
 2301
 2302
 2303
 2304
 2305
 2306
 2307
 2308
 2309
 2310
 2311
 2312
 2313
 2314
 2315
 2316
 2317
 2318
 2319
 2320
 2321
 2322
 2323
 2324
 2325
 2326
 2327
 2328
 2329
 2330
 2331
 2332
 2333
 2334
 2335
 2336
 2337
 2338
 2339
 2340
 2341
 2342
 30
 31
 37
 1
 2
 3
 4
 5
 6
 7
 8
 9
 10
 11
 12
 13
 14
 15
 16
 17
 18
 19
 20
 21
 22
 23
 24
 25
 26
 27
 28
 29
 30
 31
 294
 1
 2
 3
 4
 5
 6
 7
 8
 9
 10
 11
 12
 13
 14
 15
 16
 17
 18
 19
 20
 21
 22
 23
 24
 25
 26
 27
 28
 29
 30
 31
 44
 1
 2
 3
 4
 5
 6
 7
 8
 9
 10
 11
 12
 13
 14
 15
 16
 17
 18
 19
 20
 21
 22
 23
 24
 25
 26
 27
 28
 29
 30
 31
 2
 1
 2
 3
 3
 1
 2
 3
 4
 58
 1
 2
 3
 4
 5
 6
 7
 8
 9
 10
 11
 12
 13
 14
 15
 16
 17
 18
 19
 20
 21
 22
 23
 24
 25
 26
 27
 28
 29
 30
 31
 38
 1
 2
 3
 4
 5
 6
 7
 8
 9
 10
 11
 12
 13
 14
 15
 16
 17
 18
 19
 20
 21
 22
 23
 24
 25
 26
 27
 28
 29
 30
 31
 2
 1
 2
 3
 4
 1
 2
 3
 4
 5
 64
 1
 2
 3
 4
 5
 6
 7
 8
 9
 10
 11
 12
 13
 14
 15
 16
 17
 18
 19
 20
 21
 22
 23
 24
 25
 26
 27
 28
 29
 30
 31
 384
 73
 2343
 2344
 2345
 2346
 2347
 2348
 2349
 2350
 2351
 2352
 2353
 2354
 2355
 2356
 2357
 2358
 2359
 2360
 2361
 2362
 2363
 2364
 2365
 2366
 2367
 2368
 2369
 2370
 2371
 2372
 1
 2
 3
 4
 1
 1
 2
 22
 1
 2
 3
 4
 5
 6
 7
 8
 9
 10
 11
 12
 13
 14
 15
 16
 17
 18
 19
 20
 21
 22
 23
 24
 867
 868
 869
 870
 871
 872
 873
 874
 875
 876
 877
 878
 879
 880
 881
 882
 883
 884
 885
 886
 887
 888
 889
 890
 891
 892
 893
 894
 895
 896
 897
 898
 598
 599
 600
 601
 602
 603
 604
 605
 606
 607
 608
 609
 610
 611
 612
 613
 614
 615
 616
 617
 618
 619
 620
 621
 622
 623
 624
 625
 626
 627
 628
 629
 839
 840
 841
 842
 843
 844
 845
 846
 847
 848
 849
 850
 851
 852
 853
 854
 855
 856
 857
 858
 859
 860
 861
 862
 863
 864
 865
 866
 767
 768
 769
 770
 771
 772
 773
 774
 775
 776
 777
 778
 779
 780
 781
 782
 783
 784
 785
 786
 787
 788
 789
 790
 791
 792
 793
 794
 795
 796
 797
 798
 475
 476
 477
 478
 479
 480
 481
 482
 483
 484
 485
 486
 487
 488
 489
 490
 491
 492
 493
 494
 495
 496
 497
 498
 499
 500
 501
 502
 503
 504
 505
 506
 645
 646
 647
 648
 649
 650
 651
 652
 653
 654
 655
 656
 657
 658
 659
 660
 661
 662
 663
 664
 665
 666
 667
 668
 669
 670
 671
 672
 673
 674
 675
 676
 507
 508
 509
 510
 511
 512
 513
 514
 515
 516
 517
 518
 519
 520
 521
 522
 523
 524
 525
 526
 527
 528
 529
 530
 531
 532
 95
 96
 97
 98
 99
 100
 101
 102
 103
 104
 105
 106
 107
 108
 109
 110
 111
 112
 113
 114
 115
 116
 117
 118
 119
 120
 121
 122
 123
 124
 125
 126
 210
 211
 212
 213
 214
 215
 216
 217
 218
 219
 220
 221
 222
 223
 224
 225
 226
 227
 228
 229
 230
 231
 232
 233
 234
 235
 236
 237
 238
 239
 240
 241
 3
 34201181378
 7510
 2373
 2374
 7506
 1407
 1408
 1409
 1410
 1411
 1412
 1413
 1414
 1415
 1416
 1417
 1418
 1419
 1420
 1421
 1422
 1423
 1424
 1425
 1426
 1427
 1428
 1429
 1430
 1431
 1432
 1433
 1434
 1435
 1436
 1437
 1438
 34201135782
 62
 63
 64
 65
 66
 67
 68
 69
 70
 71
 72
 73
 74
 75
 76
 77
 78
 79
 80
 81
 82
 83
 84
 85
 86
 87
 88
 89
 90
 91
 92
 93
 1180
 1181
 1182
 1183
 1184
 1185
 1186
 1187
 1188
 1189
 1190
 1191
 1192
 1193
 1194
 1195
 1196
 1197
 1198
 1199
 1200
 1201
 1202
 1203
 1204
 1205
 1206
 1207
 1208
 1209
 1210
 1211
 1357
 1393
 1392
 1391
 1390
 1389
 1067
 1068
 1069
 1070
 1071
 1072
 1073
 1074
 1075
 1076
 1077
 1078
 1079
 1080
 1081
 1082
 1083
 1084
 1085
 1086
 1087
 1088
 1089
 1090
 1091
 1092
 1093
 1094
 1095
 1096
 1097
 1098
 1388
 1387
 997
 998
 999
 1000
 1001
 1002
 1003
 1004
 1005
 1006
 1007
 1008
 1009
 1010
 1011
 1012
 1013
 1014
 1015
 1016
 1017
 1018
 1019
 1020
 1021
 1022
 1023
 1024
 1025
 1026
 1027
 1028
 707
 708
 709
 710
 711
 712
 713
 714
 715
 716
 717
 718
 719
 720
 721
 722
 723
 724
 725
 726
 727
 728
 729
 730
 731
 732
 733
 734
 735
 736
 737
 738
 321
 322
 323
 324
 325
 326
 327
 328
 329
 330
 331
 332
 333
 334
 335
 336
 337
 338
 339
 340
 341
 342
 343
 344
 345
 346
 347
 348
 349
 350
 351
 352
 624
 625
 626
 627
 628
 629
 630
 631
 632
 633
 634
 635
 636
 637
 638
 639
 640
 641
 642
 643
 644
 645
 646
 647
 648
 649
 650
 651
 652
 653
 654
 655
 441
 442
 443
 444
 445
 446
 447
 448
 449
 450
 451
 452
 453
 454
 455
 456
 457
 458
 459
 460
 461
 462
 463
 464
 465
 466
 467
 468
 469
 470
 471
 472
 137
 138
 139
 140
 141
 142
 143
 144
 145
 146
 147
 148
 149
 150
 151
 152
 153
 154
 155
 156
 157
 158
 159
 160
 161
 162
 163
 164
 165
 166
 167
 168
 296
 297
 298
 299
 300
 301
 302
 303
 304
 305
 306
 307
 308
 309
 310
 311
 312
 313
 314
 315
 316
 317
 318
 319
 320
 120
 121
 122
 123
 124
 125
 126
 127
 128
 129
 130
 131
 132
 133
 134
 135
 136
 94
 95
 96
 97
 98
 99
 100
 101
 102
 103
 104
 105
 106
 107
 108
 109
 110
 111
 112
 113
 114
 115
 116
 117
 118
 119
 257
 258
 259
 260
 261
 262
 263
 264
 265
 266
 267
 268
 269
 270
 271
 272
 273
 274
 275
 1371
 34201179023
 34201179022
 34201126966
 383
 221
 222
 223
 224
 225
 226
 227
 228
 229
 230
 231
 232
 233
 234
 235
 236
 237
 238
 239
 240
 241
 242
 243
 244
 245
 246
 247
 248
 249
 250
 251
 252
 382
 34201139718
 387
 21
 70
 38
 39
 40
 41
 42
 43
 44
 45
 46
 47
 48
 49
 50
 51
 52
 53
 54
 55
 56
 57
 58
 59
 60
 61
 62
 63
 64
 65
 66
 67
 68
 69
 74
 35
 38
 220
 221
 222
 223
 224
 225
 226
 227
 228
 229
 230
 231
 232
 233
 234
 235
 236
 237
 238
 239
 240
 241
 242
 243
 244
 245
 246
 247
 248
 249
 250
 251
 290
 296
 38
 3
 2375
 2376
 2377
 2378
 2379
 2380
 2381
 2382
 2383
 2384
 2385
 2386
 2387
 2388
 2389
 2390
 2391
 2392
 2393
 2394
 2395
 2396
 2397
 2398
 2399
 2400
 2401
 2402
 2403
 2404
 2405
 2406
 60
 32
 33
 34
 35
 36
 37
 38
 39
 40
 41
 42
 43
 44
 45
 46
 47
 48
 49
 50
 51
 52
 53
 54
 55
 56
 57
 58
 59
 60
 45
 4
 37
 32
 33
 34
 35
 36
 37
 38
 39
 40
 39
 5
 3
 34201218756
 61
 32
 33
 34
 35
 36
 37
 38
 39
 40
 41
 42
 43
 44
 45
 46
 47
 48
 49
 50
 51
 52
 53
 54
 55
 56
 57
 58
 59
 60
 61
 62
 34201128537
 65
 23
 21
 7
 176
 177
 178
 179
 180
 181
 182
 183
 184
 185
 186
 187
 188
 189
 190
 191
 192
 193
 194
 195
 196
 197
 198
 199
 200
 201
 202
 308
 309
 310
 311
 312
 313
 314
 315
 316
 317
 318
 319
 320
 321
 322
 323
 324
 325
 326
 327
 328
 329
 330
 2
 376
 4
 5
 16
 17
 18
 19
 20
 21
 22
 21
 22
 109
 10
 11
 12
 13
 14
 15
 16
 17
 18
 19
 20
 21
 22
 23
 24
 25
 26
 27
 28
 29
 30
 31
 32
 33
 34
 35
 36
 37
 38
 39
 40
 41
 1
 2
 3
 4
 5
 6
 7
 8
 9
 10
 11
 12
 13
 14
 15
 16
 17
 18
 19
 20
 21
 22
 23
 24
 25
 26
 27
 28
 29
 30
 31
 31
 42
 43
 44
 45
 46
 47
 48
 49
 50
 51
 52
 53
 54
 55
 56
 57
 58
 59
 60
 61
 62
 63
 107
 32
 113
 112
 34201125529
 111
 64
 65
 66
 67
 68
 69
 70
 71
 72
 73
 74
 75
 76
 77
 78
 79
 80
 81
 82
 83
 84
 85
 86
 87
 88
 89
 90
 91
 92
 93
 94
 106
 110
 30
 102
 103
 104
 105
 106
 107
 108
 109
 110
 111
 112
 113
 114
 115
 116
 117
 118
 119
 120
 121
 122
 123
 124
 125
 126
 127
 128
 129
 130
 131
 132
 133
 264
 1
 2
 3
 4
 5
 6
 7
 8
 9
 10
 11
 12
 13
 14
 15
 16
 14
 15
 1
 2
 3
 4
 5
 6
 7
 1
 2
 3
 4
 5
 6
 7
 1
 2
 3
 4
 34201122250
 6
 7
 6
 7
 3
 1
 2
 3
 4
 5
 6
 7
 8
 9
 10
 17
 18
 19
 20
 21
 22
 27
 28
 29
 30
 31
 33
 34
 35
 36
 37
 40
 42
 44
 45
 46
 47
 64
 65
 66
 67
 68
 69
 70
 71
 72
 73
 74
 82
 83
 84
 85
 86
 87
 88
 89
 90
 91
 92
 93
 94
 95
 97
 98
 99
 100
 101
 102
 103
 144
 148
 163
 173
 29
 30
 241
 242
 243
 244
 245
 246
 248
 250
 251
 1
 2
 3
 4
 5
 6
 7
 8
 9
 10
 11
 12
 13
 14
 15
 1
 2
 3
 4
 5
 6
 7
 8
 9
 10
 11
 1
 2
 3
 4
 5
 6
 7
 8
 9
 10
 11
 12
 13
 14
 15
 1
 2
 3
 4
 5
 6
 7
 8
 9
 10
 11
 12
 13
 14
 15
 1
 2
 3
 4
 5
 6
 7
 8
 9
 10
 11
 12
 13
 14
 15
 67
 68
 69
 70
 71
 72
 73
 74
 75
 76
 77
 78
 79
 80
 81
 82
 83
 84
 85
 86
 87
 88
 89
 90
 91
 92
 93
 94
 95
 96
 97
 98
 34359738365
 251
 23083240827
 23083240828
 2407
 2408
 2409
 2410
 2411
 2412
 2413
 2414
 2415
 2416
 2417
 2418
 2419
 2420
 2421
 2422
 2423
 2424
 2425
 2426
 2427
 2428
 2429
 2430
 2431
 2432
 2433
 2434
 2435
 2436
 23083240830
 34299294279
 23083240826
 50
 51
 52
 53
 54
 55
 56
 57
 58
 59
 60
 61
 62
 63
 64
 65
 66
 99
 100
 101
 102
 103
 104
 105
 106
 107
 108
 109
 110
 111
 112
 113
 114
 115
 116
 117
 118
 119
 120
 26
 27
 28
 29
 30
 31
 32
 33
 34
 35
 36
 37
 38
 39
 40
 41
 42
 43
 44
 45
 46
 47
 48
 49
 23083247517
 23083247536
 23083247581
 259
 146
 147
 148
 149
 150
 151
 152
 153
 154
 155
 156
 157
 158
 159
 160
 161
 162
 163
 164
 165
 166
 167
 168
 169
 170
 171
 172
 173
 174
 175
 176
 177
 250
 182
 183
 184
 185
 186
 187
 188
 189
 190
 191
 192
 193
 194
 195
 196
 197
 198
 199
 200
 201
 202
 203
 204
 205
 206
 207
 208
 209
 210
 211
 212
 213
 23083247142
 23083247571
 447
 34299292682
 23083247564
 449
 121
 122
 123
 124
 125
 126
 127
 128
 129
 130
 131
 132
 133
 134
 135
 136
 137
 138
 139
 140
 141
 142
 143
 144
 23083247149
 448
 34299292685
 23083247151
 23083247565
 23083247568
 23083247158
 23083247567
 23083247535
 23083247582
 23083247561
 23083247177
 23083247584
 34359738364
 23083247141
 23083247563
 23083247575
 23083240829
 23083247145
 22
 23
 24
 25
 26
 27
 28
 29
 30
 31
 32
 33
 34
 35
 36
 37
 38
 39
 40
 41
 42
 43
 44
 45
 46
 47
 48
 49
 50
 51
 52
 53
 23083247143
 34359738360
 5251111
 5251113
 23083247407
 23083247308
 23083247144
 34359738363
 23083247159
 252
 23083247344
 214
 215
 216
 217
 218
 219
 220
 221
 222
 223
 224
 225
 226
 227
 228
 229
 230
 231
 232
 233
 234
 23083247415
 38
 23083247573
 23083247332
 23083247547
 178
 179
 180
 181
 23083247534
 23083247558
 23083247586
 254
 23083247559
 258
 445
 2437
 2438
 2439
 2440
 2441
 2442
 2443
 2444
 2445
 2446
 2447
 2448
 2449
 2450
 2451
 2452
 2453
 2454
 2455
 2456
 2457
 2458
 2459
 2460
 2461
 2462
 2463
 2464
 2465
 2466
 2467
 2468
 2469
 2470
 2471
 2472
 2473
 2474
 2475
 2476
 2477
 2478
 2479
 2480
 2481
 2482
 2483
 2484
 2485
 2486
 2487
 2488
 2489
 2490
 2491
 2492
 2493
 2494
 2495
 2496
 2497
 2498
 2499
 2500
 2501
 2502
 2503
 2504
 2505
 2506
 2507
 2508
 2509
 2510
 2511
 2512
 2513
 2514
 2515
 2516
 2517
 2518
 2519
 2520
 2521
 2522
 2523
 2524
 2525
 2526
 2527
 2528
 2529
 2530
 2531
 2532
 2533
 2534
 2134
 2135
 2136
 2137
 2138
 2139
 2140
 23083247162
 23083247560
 vmscan: 1266
 vmscan: 1265
 vmscan: 1264
 vmscan: 1263
 vmscan: 1254
 vmscan: 1253
 vmscan: 1252
 vmscan: 1251
 vmscan: 1243
 vmscan: 1239
 vmscan: 1237
 vmscan: 1233
 vmscan: 1223
 vmscan: 1221
 vmscan: 1220
 vmscan: 1218
 vmscan: 1211
 vmscan: 1200
 vmscan: 1199
 vmscan: 1197
 vmscan: 1196
 vmscan: 1190
 vmscan: 1188
 vmscan: 1182
 vmscan: 500
 vmscan: 455
 vmscan: 419
 vmscan: 414
 vmscan: 409
 vmscan: 386
 vmscan: 346
 vmscan: 1010
 vmscan: 1003
 vmscan: 976
 vmscan: 974
 vmscan: 973
 vmscan: 972
 vmscan: 966
 vmscan: 950
 vmscan: 938
 1976
 1977
 1978
 1979
 1980
 1981
 1982
 1983
 1984
 1985
 1986
 1987
 1988
 1989
 1990
 2535
 2536
 2537
 2538
 2539
 2540
 2541
 2542
 2543
 2544
 2545
 2546
 2547
 2548
 2549
 2550
 2551
 2552
 2553
 2554
 2555
 2556
 2557
 2558
 2559
 2560
 2561
 2562
 2563
 2564
 2565
 2566
 2567
 2568
 2569
 2570
 2571
 2572
 2573
 2574
 2575
 2576
 2577
 2578
 2579
 2580
 2581
 2582
 2583
 2584
 2585
 2586
 2587
 2588
 2589
 2590
 2591
 2592
 2593
 2594
 2595
 2596
 2597
 2598
 2599
 2600
 2601
 2602
 2603
 2604
 2605
 2606
 2607
 2608
 2609
 2610
 2611
 2612
 2613
 2614
 2615
 2616
 2617
 2618
 2619
 2620
 2621
 2622
 2623
 2624
 2625
 2626
 2627
 2628
 2629
 2630
 2210
 2211
 2212
 2213
 2214
 2173
 2174
 2175
 2176
 2177
 2097
 2098
 2099
 2100
 2101
 2060
 2061
 2062
 2063
 2064
 2023
 2024
 2025
 2026
 2027
 2631
 2632
 2633
 2634
 2635
 2636
 2637
 2638
 2639
 2640
 2641
 2642
 2643
 2644
 2645
 2646
 2647
 2648
 2649
 2650
 2651
 2652
 2653
 2654
 2655
 2656
 2657
 2658
 2659
 2660
 2661
 2662
 2663
 2664
 2665
 2666
 2667
 2668
 2669
 2670
 2671
 2672
 2673
 2674
 2675
 2676
 2677
 2678
 2679
 2680
 2681
 2682
 2683
 2684
 2685
 2686
 2687
 2688
 2689
 2690
 2691
 2692
 2693
 2694
 2695
 2696
 2697
 2698
 2699
 2700
 2701
 2702
 2703
 2704
 2705
 2706
 2707
 2708
 2709
 2710
 2711
 2712
 2713
 2714
 2715
 2716
 2717
 2718
 2719
 2720
 2721
 2722
 2723
 2724
 2725
 2726
 2727
 2728
 2729
 2730
 2731
 2732
 2733
 2734
 2735
 2736
 2737
 2738
 2739
 2740
 2741
 2742
 2743
 2744
 2745
 2746
 2747
 2748
 2749
 2750
 2751
 2752
 2753
 2754
 2755
 2756
 2757
 2758
 2759
 2760
 2761
 2762
 2763
 2764
 2765
 2766
 2767
 2768
 2769
 2770
 2771
 2772
 2773
 2774
 2775
 2776
 2777
 2778
 2779
 2780
 2781
 2782
 2783
 2784
 2785
 2786
 2787
 2788
 2789
 2790
 vmscan: 1221
 vmscan: 1220
 vmscan: 1211
 vmscan: 1200
 vmscan: 1199
 vmscan: 1190
 vmscan: 1003
 vmscan: 976
 vmscan: 973
 vmscan: 966
 2791
 2792
 2793
 2794
 2795
 2796
 2797
 2798
 2799
 2800
 2801
 2802
 2803
 2804
 2805
 2806
 2807
 2808
 2809
 2810
 2811
 2812
 2813
 2814
 2815
 2816
 2817
 2818
 2819
 2820
 2821
 2822
 2823
 2824
 2825
 2826
 2827
 2828
 2829
 2830
 2831
 2832
 2833
 2834
 2835
 2836
 2837
 2838
 2839
 2840
 2841
 2842
 2843
 2844
 2845
 2846
 2847
 2848
 2849
 2850
 2851
 2852
 2853
 2854
 2855
 2856
 2857
 2858
 2859
 2860
 2861
 2862
 2863
 2864
 2865
 2866
 2867
 2868
 2869
 2870
 2871
 2872
 2873
 2874
 2875
 2876
 2877
 2878
 2879
 2880
 2881
 2882
 2883
 2884
 2885
 2886
 2887
 2888
 2889
 2890
 2891
 2892
 2893
 2894
 2895
 2896
 2897
 2898
 2899
 2900
 2901
 2902
 2903
 2904
 2905
 2906
 2907
 2908
 2909
 2910
 2911
 2912
 2913
 2914
 2915
 2916
 2917
 2918
 2919
 2920
 2921
 2922
 2923
 2924
 2925
 2926
 2927
 2928
 2929
 2930
 2931
 2932
 2933
 2934
 2935
 2936
 2937
 2938
 2939
 2940
 2941
 2942
 2943
 2944
 2945
 2946
 2947
 2948
 2949
 2950
 2951
 2952
 2953
 2954
 2955
 2956
 2957
 2958
 2959
 2960
 2961
 2962
 2963
 2964
 2965
 2966
 2967
 2968
 2969
 2970
 2971
 2972
 2973
 2974
 2975
 2976
 2977
 2978
 2979
 2980
 2981
 2982
 vmscan: 976
 vmscan: 973
 2983
 2984
 2985
 2986
 2987
 2988
 2989
 2990
 2991
 2992
 2993
 2994
 2995
 2996
 2997
 2998
 2999
 3000
 3001
 3002
 3003
 3004
 3005
 3006
 3007
 3008
 3009
 3010
 3011
 3012
 3013
 3014
 3015
 3016
 3017
 3018
 3019
 3020
 3021
 3022
 3023
 3024
 3025
 3026
 3027
 3028
 3029
 3030
 3031
 3032
 3033
 3034
 3035
 3036
 3037
 3038
 3039
 3040
 3041
 3042
 3043
 3044
 3045
 3046
 3047
 3048
 3049
 3050
 3051
 3052
 3053
 3054
 3055
 3056
 3057
 3058
 3059
 3060
 3061
 3062
 3063
 3064
 3065
 3066
 3067
 3068
 3069
 3070
 3071
 3072
 3073
 3074
 3075
 3076
 3077
 3078
 3079
 3080
 3081
 3082
 3083
 3084
 3085
 3086
 3087
 3088
 3089
 3090
 3091
 3092
 3093
 3094
 3095
 3096
 3097
 3098
 3099
 3100
 3101
 3102
 3103
 3104
 3105
 3106
 3107
 3108
 3109
 3110
 3111
 3112
 3113
 3114
 3115
 3116
 3117
 3118
 3119
 3120
 3121
 3122
 3123
 3124
 3125
 3126
 3127
 3128
 3129
 3130
 3131
 3132
 3133
 3134
 3135
 3136
 3137
 3138
 3139
 3140
 3141
 3142
 3143
 3144
 3145
 3146
 3147
 3148
 3149
 3150
 3151
 3152
 3153
 3154
 3155
 3156
 3157
 3158
 3159
 3160
 3161
 3162
 3163
 3164
 3165
 3166
 3167
 3168
 3169
 3170
 3171
 3172
 3173
 3174
 3175
 3176
 3177
 3178
 3179
 3180
 3181
 3182
 3183
 3184
 3185
 3186
 3187
 3188
 3189
 3190
 3191
 3192
 3193
 3194
 3195
 3196
 3197
 3198
 3199
 3200
 3201
 3202
 3203
 3204
 3205
 3206
 3207
 3208
 3209
 3210
 3211
 3212
 3213
 3214
 3215
 3216
 3217
 3218
 3219
 3220
 3221
 3222
 3223
 3224
 3225
 3226
 3227
 3228
 3229
 3230
 3231
 3232
 3233
 3234
 3235
 3236
 3237
 3238
 3239
 3240
 3241
 3242
 3243
 3244
 3245
 3246
 3247
 3248
 3249
 3250
 3251
 3252
 3253
 3254
 3255
 3256
 3257
 3258
 3259
 3260
 3261
 3262
 3263
 3264
 3265
 3266
 3267
 3268
 3269
 3270
 3271
 3272
 3273
 3274
 3275
 3276
 3277
 3278
 3279
 3280
 3281
 3282
 3283
 3284
 3285
 3286
 3287
 3288
 3289
 3290
 3291
 3292
 3293
 3294
 3295
 3296
 3297
 3298
 3299
 3300
 3301
 3302
 3303
 3304
 3305
 3306
 3307
 3308
 3309
 3310
 3311
 3312
 3313
 3314
 3315
 3316
 3317
 3318
 3319
 3320
 3321
 3322
 3323
 3324
 3325
 3326
 3327
 34359738355
 3328
 3329
 3330
 3331
 3332
 3333
 3334
 22966486695
 3335
 3336
 3337
 3338
 3339
 3340
 3341
 3342
 3343
 3344
 3345
 3346
 3347
 3348
 3349
 3350
 3351
 3352
 3353
 3354
 3355
 3356
 3357
 3358
 3359
 3360
 3361
 3362
 3363
 3364
 3365
 3366
 1301
 22966486704
 268
 276
 277
 278
 5242956
 5281446
 34359738366
 34359738366
 34359738366
 34359738366
 34359738366
 34359738366
 22966486699
 34359738366
 34359738366
 3367
 3368
 3369
 3370
 3371
 3372
 3373
 3374
 3375
 3376
 3377
 3378
 3379
 3380
 3381
 3382
 3383
 3384
 3385
 3386
 3387
 3388
 3389
 3390
 3391
 3392
 3393
 3394
 3395
 3396
 3397
 3398
 22966486700
 34359738366
 34359738366
 22966486701
 22966486702
 34359738366
 34359738366
 22966486703
 3399
 3400
 3401
 3402
 3403
 3404
 3405
 3406
 3407
 3408
 3409
 3410
 3411
 3412
 3413
 3414
 3415
 3416
 3417
 3418
 3419
 3420
 3421
 3422
 3423
 3424
 3425
 3426
 3427
 3428
 vmscan: 1270
 vmscan: 1271
 vmscan: 1272
 vmscan: 1273
 vmscan: 1274
 vmscan: 1275
 vmscan: 1276
 vmscan: 1277
 vmscan: 1278
 vmscan: 1279
 vmscan: 1280
 vmscan: 1281
 vmscan: 1282
 vmscan: 1283
 vmscan: 1284
 vmscan: 1285
 vmscan: 1286
 vmscan: 1287
 vmscan: 1288
 vmscan: 1289
 vmscan: 1290
 vmscan: 1291
 vmscan: 1292
 vmscan: 1293
 vmscan: 1294
 vmscan: 1295
 vmscan: 1296
 vmscan: 1297
 vmscan: 1298
 vmscan: 1299
 vmscan: 8034337
 vmscan: 8399373
 vmscan: 8399497
 34354071990
 34359738365
 448
 34353987584
 34354020352
 34354066006
 34354066007
 34354071989
 449
 22922003614
 22922003723
 22922003636
 22922003735
 22922003721
 22922003644
 22922003645
 22922003583
 22922003525
 539
 22922003678
 22922003582
 22922003556
 22922003730
 22922003733
 22922003728
 22922003732
 22922003581
 34359738364
 34359738363
 22922003734
 22922003724
 22922003615
 22922003635
 22922003713
 22922003708
 22922003523
 22922003524
 22922003736
 22922003727
 22922003639
 22922003663
 22922003654
 22922003731
 22922003595
 22922003729
 4252608
 4252621
 34354066551
 38
 22922003652
 34354053912
 34354055961
 25
 34359738366
 22922003767
 22922003775
 22922003789
 22922003768
 65
 5776252
 5775377
 5776269
 5767797
 5767776
 5767777
 5767778
 5767779
 5767780
 5767781
 5767782
 5767783
 5767784
 5767785
 5767786
 5767787
 5767788
 5767789
 5767790
 5767791
 5767792
 5767793
 5767794
 5767795
 5767796
 5767798
 5767799
 5767800
 5767801
 5767802
 5767803
 5767804
 5767805
 5767806
 5767807
 1
 2
 3
 34359738366
 5776252
 5767787
 5767803
 5767808
 37
 38
 39
 148
 149
 157
 158
 162
 163
 165
 188
 81
 82
 84
 85
 86
 87
 88
 89
 90
 269
 270
 271
 272
 19
 20
 21
 216
 3429
 3430
 3431
 3432
 3433
 3434
 3435
 3436
 3437
 3438
 3439
 3440
 3441
 3442
 3443
 3444
 3445
 3446
 3447
 3448
 3449
 3450
 3451
 3452
 3453
 3454
 3455
 3456
 3457
 4
 5
 6
 7
 8
 9
 10
 11
 12
 13
 14
 14
 32
 37
 38
 39
 40
 41
 42
 43
 44
 38
 37
 34121709349
 13
 34359738365
 34121709345
 523
 524
 525
 526
 527
 528
 529
 530
 531
 532
 533
 534
 535
 536
 537
 538
 539
 540
 541
 542
 543
 544
 539
 535
 1
 2
 3
 4
 5
 6
 7
 8
 9
 10
 11
 12
 13
 14
 15
 16
 17
 18
 19
 20
 21
 22
 23
 34121709346
 5775399
 7
 8
 8
 7
 22
 21
 24
 25
 26
 27
 28
 29
 30
 31
 32
 33
 34
 35
 36
 25
 24
 433
 434
 435
 436
 437
 438
 439
 440
 441
 442
 443
 444
 445
 446
 447
 448
 449
 450
 451
 452
 453
 454
 455
 456
 457
 458
 459
 460
 461
 462
 463
 464
 449
 447
 34121709319
 29
 30
 31
 32
 33
 34
 35
 36
 37
 36
 35
 4
 4
 3
 7
 8
 9
 10
 7
 6
 34121709320
 248
 249
 250
 251
 252
 253
 254
 255
 256
 257
 258
 259
 260
 261
 262
 263
 264
 265
 266
 267
 268
 269
 270
 271
 272
 273
 274
 275
 276
 277
 278
 279
 264
 263
 16
 17
 18
 19
 20
 21
 22
 23
 24
 25
 26
 27
 24
 23
 20
 21
 22
 23
 24
 25
 26
 27
 28
 29
 30
 31
 32
 33
 34
 35
 36
 37
 38
 36
 34121709317
 16
 17
 18
 19
 18
 212
 213
 214
 215
 216
 217
 218
 219
 220
 221
 222
 223
 224
 225
 226
 227
 228
 229
 230
 231
 232
 228
 220
 3
 4
 3
 2
 34121709318
 17
 18
 19
 20
 19
 18
 34359738364
 35
 36
 37
 38
 39
 40
 41
 42
 43
 44
 45
 46
 47
 48
 49
 50
 51
 51
 50
 49
 50
 51
 52
 53
 54
 55
 56
 57
 58
 59
 60
 61
 62
 63
 64
 65
 66
 65
 64
 34121709315
 3
 98
 99
 100
 101
 102
 103
 104
 105
 106
 107
 108
 109
 110
 111
 112
 113
 114
 115
 114
 113
 34121709316
 34121709313
 34121709314
 444
 445
 446
 448
 32
 33
 34
 35
 36
 37
 38
 39
 40
 41
 42
 43
 44
 45
 46
 47
 48
 44
 45
 46
 47
 48
 49
 50
 51
 52
 53
 54
 55
 56
 57
 58
 59
 60
 61
 62
 63
 221
 222
 226
 227
 385
 386
 387
 388
 389
 390
 391
 392
 393
 394
 395
 396
 397
 398
 399
 400
 401
 402
 403
 404
 405
 406
 407
 408
 409
 410
 411
 412
 413
 414
 415
 416
 401
 402
 403
 404
 405
 3458
 3459
 3460
 3461
 3462
 3463
 3464
 3465
 3466
 3467
 3468
 3469
 3470
 3471
 3472
 3473
 3474
 3475
 3476
 3477
 3478
 3479
 3480
 3481
 3482
 3483
 3484
 3485
 3486
 3487
 406
 533
 534
 536
 537
 538
 34121707199
 34121706657
 34121706655
 34121706654
 22931538766
 34121705690
 219
 220
 221
 222
 223
 224
 225
 226
 227
 5775378
 5776286
 5767341
 5767328
 5767329
 5767330
 5767331
 5767332
 5767333
 5767334
 5767335
 5767336
 5767337
 5767338
 5767339
 5767340
 5767342
 5767343
 5767344
 5767345
 5767346
 5767347
 5767348
 5767349
 5767350
 5767351
 5767352
 5767353
 5767354
 5767355
 5767356
 5767357
 5767358
 5767359
 5767360
 5776445
 1
 2
 3
 34359738366
 9238
 1062
 5767339
 5767355
 19
 20
 21
 22
 23
 24
 25
 26
 27
 28
 29
 30
 31
 32
 33
 34
 35
 36
 35
 38
 37
 34257577761
 34
 34257577757
 34359738365
 36
 5776004
 5767299
 5767296
 5767297
 5767298
 5767300
 5767301
 5767302
 5767303
 5767304
 5767305
 5767306
 5767307
 5767308
 5767309
 5767310
 5767311
 5767312
 5767313
 5767314
 5767315
 5767316
 5767317
 5767318
 5767319
 5767320
 5767321
 5767322
 5767323
 5767324
 5767325
 5767326
 5767327
 5775386
 5776041
 5767309
 5767324
 21
 20
 34257577758
 22
 21
 449
 447
 25
 24
 4
 5
 6
 7
 8
 9
 10
 11
 12
 13
 14
 15
 16
 17
 18
 34257577731
 34257577732
 444
 445
 446
 448
 33
 1
 2
 3
 4
 5
 6
 7
 8
 9
 10
 11
 12
 13
 14
 15
 16
 17
 18
 19
 20
 21
 22
 34257574624
 34257575590
 34257575588
 34257575587
 34359738364
 23001770654
 34359738363
 6291561
 6291552
 6291553
 6291554
 6291555
 6291556
 6291557
 6291558
 6291559
 6291560
 6291562
 6291563
 6291564
 6291565
 6291566
 6291567
 6291568
 6291569
 6291570
 6291571
 6291572
 6291573
 6291574
 6291575
 6291576
 6291577
 6291578
 6291579
 6291580
 6291581
 6291582
 6291583
 6291584
 23001770662
 6300302
 6291762
 6291744
 6291745
 6291746
 6291747
 6291748
 6291749
 6291750
 6291751
 6291752
 6291753
 6291754
 6291755
 6291756
 6291757
 6291758
 6291759
 6291760
 6291761
 6291763
 6291764
 6291765
 6291766
 6291767
 6291768
 6291769
 6291770
 6291771
 6291772
 6291773
 6291774
 6291775
 6291776
 6291815
 6291808
 6291809
 6291810
 6291811
 6291812
 6291813
 6291814
 6291816
 6291817
 6291818
 6291819
 6291820
 6291821
 6291822
 6291823
 6291824
 6291825
 6291826
 6291827
 6291828
 6291829
 6291830
 6291831
 6291832
 6291833
 6291834
 6291835
 6291836
 6291837
 6291838
 6291839
 6291840
 5775379
 5767203
 5767200
 5767201
 5767202
 5767204
 5767205
 5767206
 5767207
 5767208
 5767209
 5767210
 5767211
 5767212
 5767213
 5767214
 5767215
 5767216
 5767217
 5767218
 5767219
 5767220
 5767221
 5767222
 5767223
 5767224
 5767225
 5767226
 5767227
 5767228
 5767229
 5767230
 5767231
 5767232
 23001770670
 5775405
 5768305
 5768288
 5768289
 5768290
 5768291
 5768292
 5768293
 5768294
 5768295
 5768296
 5768297
 5768298
 5768299
 5768300
 5768301
 5768302
 5768303
 5768304
 5768306
 5768307
 5768308
 3488
 3489
 3490
 3491
 3492
 3493
 3494
 3495
 3496
 3497
 3498
 3499
 3500
 3501
 3502
 3503
 3504
 3505
 3506
 3507
 3508
 3509
 3510
 3511
 3512
 3513
 3514
 3515
 3516
 3517
 5768309
 5768310
 5768311
 5768312
 5768313
 5768314
 5768315
 5768316
 5768317
 5768318
 5768319
 5768320
 5767613
 5767584
 5767585
 5767586
 5767587
 5767588
 5767589
 5767590
 5767591
 5767592
 5767593
 5767594
 5767595
 5767596
 5767597
 5767598
 5767599
 5767600
 6299664
 6300670
 6291558
 6291574
 6291745
 6291760
 6291776
 6291822
 6291837
 5767210
 5767225
 5768292
 5768308
 5767585
 5767600
 5767601
 5767602
 5767603
 5767604
 5767605
 5767606
 5767607
 5767608
 5767609
 5767610
 5767611
 5767612
 5767614
 5767615
 5767616
 5768660
 5768640
 5768641
 5768642
 5768643
 5768644
 5768645
 5768646
 5768647
 5768648
 5768649
 5768650
 5768651
 5768652
 5768653
 5768654
 5768655
 5768656
 5768657
 5768658
 5768659
 5768661
 5768662
 5768663
 5768664
 5768665
 5768666
 5768667
 5768668
 5768669
 5768670
 5768671
 5768672
 23001770655
 1212
 1184
 1185
 1186
 1187
 1188
 1189
 1190
 1191
 1192
 1193
 1194
 1195
 1196
 1197
 1198
 1199
 1200
 1201
 1202
 1203
 1204
 1205
 1206
 1207
 5767616
 5768653
 5768669
 1189
 1204
 1208
 1209
 1210
 1211
 1213
 1214
 1215
 1216
 9678
 34359738362
 34257577209
 1207
 22
 23
 75
 76
 5
 16
 17
 18
 19
 20
 22922003528
 34359738362
 34359738366
 35
 38
 34359738365
 37
 34126937170
 34
 34126937166
 34359738364
 36
 21
 20
 34126937167
 22
 21
 449
 447
 25
 24
 34126937140
 34126937141
 444
 445
 446
 448
 33
 23
 34126934033
 34126934999
 34126934997
 34126934996
 22933225072
 34359738363
 22933225080
 22933225088
 34359738362
 22933225073
 34359738361
 34126936618
 1
 2
 3
 4
 5
 6
 7
 8
 9
 10
 11
 12
 13
 14
 15
 16
 17
 18
 19
 20
 21
 22
 23
 24
 25
 26
 27
 28
 29
 30
 31
 32
 33
 223
 224
 225
 226
 227
 4
 21
 20
 21
 22
 23
 24
 25
 26
 32
 228
 229
 230
 231
 232
 233
 234
 235
 236
 237
 238
 239
 240
 34121708797
 22931538767
 22931538768
 6816165
 6816160
 6816161
 6816162
 6816163
 6816164
 6816166
 6816167
 6816168
 6816169
 6816170
 6816171
 6816172
 6816173
 6816174
 6816175
 6816176
 6816177
 6816178
 6816179
 6816180
 6816181
 6816182
 6816183
 6816184
 6816185
 6816186
 6816187
 6816188
 6816189
 6816190
 6816191
 6816192
 22931538769
 6815901
 6815872
 6815873
 6815874
 6815875
 6815876
 6815877
 6815878
 6815879
 6815880
 6815881
 6815882
 6815883
 6815884
 6815885
 6815886
 6815887
 6815888
 6815889
 6815890
 6815891
 6815892
 6815893
 6815894
 6815895
 6815896
 6815897
 6815898
 6815899
 6815900
 6815902
 6815903
 6815904
 22931538770
 22931538778
 6824740
 6824326
 302
 303
 304
 305
 306
 307
 308
 309
 310
 311
 312
 313
 314
 315
 316
 317
 318
 3518
 3519
 3520
 3521
 3522
 3523
 3524
 3525
 3526
 3527
 3528
 3529
 3530
 3531
 3532
 3533
 3534
 3535
 3536
 3537
 3538
 3539
 3540
 3541
 3542
 3543
 3544
 3545
 3546
 3547
 319
 333
 5251088
 296
 297
 298
 299
 300
 301
 34121706656
 6292097
 6292096
 6292098
 6292099
 6292100
 6292101
 6292102
 6292103
 6292104
 6292105
 6292106
 6292107
 6292108
 6292109
 6292110
 6292111
 6292112
 6292113
 6292114
 6292115
 6292116
 6292117
 6292118
 6292119
 6292120
 6292121
 6292122
 6292123
 6292124
 6292125
 6292126
 6292127
 6292128
 22931538771
 5768578
 5768576
 5768577
 5768579
 5768580
 5768581
 5768582
 5768583
 5768584
 5768585
 5768586
 5768587
 5768588
 5768589
 5768590
 5768591
 5768592
 5768593
 5768594
 5768595
 5768596
 5768597
 5768598
 5768599
 5768600
 5768601
 5768602
 5768603
 5768604
 5768605
 5768606
 5768607
 5768608
 1
 2
 3
 6300669
 6816173
 6816188
 6815880
 6815895
 6292100
 6292115
 5776250
 5768590
 5768605
 4
 5
 6
 7
 8
 9
 10
 11
 12
 13
 11
 10
 6292993
 6292992
 6292994
 6292995
 6292996
 6292997
 6292998
 6292999
 6293000
 6293001
 6293002
 6293003
 6293004
 6293005
 6293006
 6293007
 6293008
 6293009
 6293010
 6293011
 6293012
 6293013
 6293014
 6293015
 6293016
 6293017
 6293018
 6293019
 6293020
 6293021
 6292591
 6292576
 6292577
 6292578
 6292579
 6292580
 6292581
 6292582
 6292583
 6292584
 6292585
 6292586
 6292587
 6292588
 6292589
 6292590
 6292592
 6292593
 6292594
 6292595
 6292596
 6292597
 6292598
 6292599
 6292600
 6292601
 6292602
 6292603
 6292604
 6292605
 6292606
 6292607
 6292608
 6817044
 6817024
 6817025
 6817026
 6817027
 6817028
 6817029
 6817030
 6817031
 6817032
 6817033
 6817034
 6817035
 6817036
 6817037
 6817038
 6817039
 6817040
 6817041
 6817042
 6817043
 6817045
 6817046
 6817047
 6817048
 6817049
 6817050
 6817051
 6817052
 6817053
 6817054
 6817055
 6817056
 22931538772
 6816239
 6816224
 6816225
 6816226
 6816227
 6816228
 6816229
 6816230
 6816231
 6816232
 6816233
 6816234
 6816235
 6816236
 6816237
 6816238
 6816240
 6816241
 6816242
 6816243
 6816244
 6816245
 6816246
 6816247
 6816248
 6816249
 6816250
 6816251
 6816252
 6816253
 6816254
 6816255
 6816256
 6816677
 6816672
 6816673
 6816674
 6816675
 6816676
 6816678
 6816679
 6816680
 6816681
 6816682
 6816683
 6816684
 6293006
 6293021
 6292588
 6292604
 6817032
 6817048
 6816227
 6816243
 6816684
 6816685
 6816686
 6816687
 6816688
 6816689
 6816690
 6816691
 6816692
 6816693
 6816694
 6816695
 6816696
 6816697
 6816698
 6816699
 6816700
 6816701
 6816702
 6816703
 6816704
 6816643
 6816640
 6816641
 6816642
 6816644
 6816645
 6816646
 6816647
 6816648
 6816649
 6816650
 6816651
 6816652
 6816653
 6816654
 6816655
 6816656
 6816657
 6816658
 6816659
 6816660
 6816661
 6816662
 6816663
 3548
 3549
 3550
 3551
 3552
 3553
 3554
 3555
 3556
 3557
 3558
 3559
 3560
 3561
 3562
 3563
 3564
 3565
 3566
 3567
 3568
 3569
 3570
 3571
 3572
 3573
 3574
 3575
 3576
 3577
 6816664
 6816665
 6816666
 6816667
 6816668
 6816669
 6816670
 6816671
 6816733
 6816705
 6816706
 6816707
 6816708
 6816709
 6816710
 6816711
 6816712
 6816713
 6816714
 6816715
 6816716
 6816717
 6816718
 6816719
 6816720
 6816721
 6816722
 6816723
 6816724
 6816725
 6816726
 6816727
 6816728
 6816729
 6816730
 6816731
 6816732
 6816734
 6816735
 6816736
 22931538773
 6816573
 6816544
 6816545
 6816546
 6816547
 6816548
 6816549
 6816550
 6816551
 6816552
 6816553
 6816554
 6816555
 6816556
 6816557
 6816558
 6816559
 6816560
 6816561
 6816562
 6816563
 6816564
 6816565
 6816566
 6816567
 6816568
 6816569
 6816570
 6816571
 6816572
 6816574
 6816575
 6816576
 6817021
 6816992
 6816993
 6816994
 6816995
 6816996
 6816997
 6816998
 6816999
 6817000
 6817001
 6817002
 6817003
 6817004
 6817005
 6817006
 6817007
 6817008
 6817009
 6817010
 6817011
 6817012
 6817013
 6817014
 6817015
 6817016
 6817017
 6817018
 6817019
 6817020
 6817022
 6817023
 22931538774
 6816757
 6816737
 6816738
 6816739
 6816740
 6816741
 6816742
 6816743
 6816744
 6816745
 6816746
 6816747
 6816748
 6816749
 6816750
 6816751
 6816752
 6816753
 6816754
 6816755
 6816756
 6816758
 6816759
 6816760
 6816761
 6816762
 6816763
 6816764
 6816765
 6816766
 6816767
 6816768
 22931538775
 6816210
 6816193
 6816194
 6816195
 6816196
 6816197
 6816198
 6816199
 6816200
 6816201
 6816202
 6816203
 6816204
 6816205
 6816206
 6816207
 6816208
 6816209
 6816211
 6816212
 6816213
 6816214
 6816215
 6816216
 6816217
 6816218
 6816219
 6816220
 6816221
 6816222
 6816223
 6816098
 6816096
 6816097
 6816099
 6816100
 6816101
 6816102
 6816103
 6816104
 6816105
 6816106
 6816107
 6816108
 6816109
 6816110
 6816111
 6816112
 6816113
 6816114
 6816115
 6816116
 6816117
 6816699
 6816648
 6816663
 6816708
 6816723
 6816552
 6816567
 6816996
 6817011
 6816750
 6816766
 6816200
 6816216
 6816102
 6816117
 6816118
 6816119
 6816120
 6816121
 6816122
 6816123
 6816124
 6816125
 6816126
 6816127
 6816128
 22931538776
 6816151
 6816129
 6816130
 6816131
 6816132
 6816133
 6816134
 6816135
 6816136
 6816137
 6816138
 6816139
 6816140
 6816141
 6816142
 6816143
 6816144
 6816145
 6816146
 6816147
 6816148
 6816149
 6816150
 6816152
 6816153
 6816154
 6816155
 6816156
 6816157
 6816158
 6816159
 6817567
 6817536
 6817537
 6817538
 6817539
 6817540
 6817541
 6817542
 6817543
 6817544
 6817545
 6817546
 6817547
 6817548
 6817549
 6817550
 6817551
 6817552
 6817553
 6817554
 6817555
 6817556
 6817557
 6817558
 6817559
 6817560
 6817561
 6817562
 6817563
 6817564
 6817565
 6817566
 6817568
 6816990
 6816960
 6816961
 6816962
 6816963
 6816964
 6816965
 6816966
 6816967
 6816968
 6816969
 6816970
 6816971
 6816972
 6816973
 6816974
 6816975
 6816976
 6816977
 6816978
 6816979
 6816980
 6816981
 6816982
 6816983
 6816984
 6816985
 6816986
 6816987
 6816988
 6816989
 6816991
 3578
 3579
 3580
 3581
 3582
 3583
 3584
 3585
 3586
 3587
 3588
 3589
 3590
 3591
 3592
 3593
 3594
 3595
 3596
 3597
 3598
 3599
 3600
 3601
 3602
 3603
 3604
 3605
 3606
 3607
 3608
 3609
 3610
 3611
 3612
 3613
 3614
 3615
 3616
 3617
 3618
 3619
 3620
 3621
 3622
 22931538777
 22931538779
 22931538780
 22931538781
 22931538788
 5251114
 5251211
 5251212
 5251098
 5251690
 5251089
 5251133
 5251135
 207
 208
 209
 210
 211
 212
 213
 214
 215
 216
 217
 218
 34121705691
 34121702787
 34121702237
 4
 5
 6
 7
 8
 9
 10
 11
 12
 13
 14
 15
 16
 17
 18
 19
 20
 21
 22
 23
 24
 25
 26
 27
 28
 29
 30
 31
 34121698773
 67
 68
 69
 70
 71
 72
 73
 74
 75
 76
 77
 78
 79
 80
 81
 82
 83
 84
 85
 86
 87
 88
 89
 90
 91
 92
 93
 94
 95
 96
 97
 6816140
 6816156
 6817544
 6817559
 6816961
 6816976
 5251212
 27
 17
 18
 19
 20
 21
 22
 23
 24
 25
 26
 27
 28
 29
 117
 118
 119
 120
 121
 122
 123
 124
 125
 127
 128
 222
 144
 268
 276
 277
 278
 34359738366
 58
 59
 60
 61
 62
 63
 64
 65
 66
 67
 68
 69
 70
 71
 72
 73
 74
 75
 76
 77
 78
 79
 80
 81
 82
 83
 84
 85
 86
 87
 88
 89
 127
 128
 129
 130
 131
 132
 133
 134
 135
 136
 137
 138
 139
 140
 141
 142
 143
 144
 145
 146
 147
 148
 149
 150
 151
 152
 153
 154
 155
 156
 157
 158
 10
 11
 12
 13
 14
 15
 16
 17
 18
 19
 20
 21
 22
 23
 24
 25
 26
 27
 28
 29
 30
 31
 32
 33
 34
 35
 36
 37
 38
 39
 40
 41
 365
 366
 367
 368
 369
 370
 371
 372
 373
 374
 375
 376
 377
 378
 379
 380
 381
 382
 383
 384
 385
 386
 387
 388
 389
 390
 391
 392
 393
 394
 395
 396
 397
 398
 399
 400
 401
 402
 403
 404
 405
 406
 407
 408
 409
 410
 411
 412
 413
 414
 415
 416
 417
 418
 419
 58
 59
 60
 61
 62
 63
 64
 65
 66
 67
 68
 69
 70
 71
 72
 73
 74
 75
 76
 77
 78
 79
 80
 81
 82
 83
 84
 85
 86
 87
 88
 89
 231
 232
 233
 234
 235
 236
 237
 238
 239
 240
 241
 242
 243
 244
 245
 246
 247
 248
 249
 250
 251
 252
 253
 254
 255
 256
 257
 258
 259
 260
 261
 262
 191
 192
 193
 194
 195
 196
 197
 198
 199
 200
 201
 202
 203
 204
 205
 206
 207
 208
 209
 210
 211
 212
 213
 214
 215
 216
 217
 218
 219
 220
 221
 222
 36
 37
 38
 39
 40
 41
 42
 43
 44
 45
 46
 47
 48
 49
 50
 51
 52
 53
 54
 55
 56
 57
 58
 59
 60
 61
 62
 63
 64
 65
 66
 67
 173
 174
 175
 176
 177
 178
 179
 180
 181
 182
 183
 184
 185
 186
 187
 188
 189
 190
 98
 99
 100
 101
 102
 103
 104
 105
 106
 107
 108
 109
 110
 111
 112
 113
 114
 115
 116
 117
 118
 119
 120
 121
 122
 123
 124
 125
 126
 90
 91
 92
 93
 94
 95
 96
 97
 3623
 3624
 3625
 3626
 3627
 3628
 3629
 3630
 3631
 3632
 3633
 3634
 3635
 3636
 3637
 3638
 3639
 3640
 3641
 3642
 3643
 3644
 3645
 3646
 3647
 3648
 3649
 3650
 3651
 3652
 3653
 3654
 422
 423
 424
 425
 426
 427
 428
 429
 430
 431
 432
 433
 434
 435
 436
 437
 438
 439
 440
 441
 442
 443
 444
 445
 446
 447
 448
 449
 450
 451
 452
 453
 102
 103
 104
 105
 106
 107
 108
 109
 110
 111
 112
 113
 114
 115
 116
 117
 118
 119
 120
 121
 122
 123
 124
 125
 126
 127
 128
 129
 130
 131
 132
 133
 36
 37
 38
 39
 40
 41
 42
 43
 44
 45
 46
 47
 48
 49
 50
 51
 52
 53
 54
 55
 56
 57
 58
 59
 60
 61
 62
 63
 64
 65
 66
 67
 6
 7
 8
 9
 10
 11
 12
 13
 14
 15
 16
 17
 18
 19
 20
 21
 22
 23
 24
 25
 26
 27
 28
 29
 30
 31
 32
 33
 34
 35
 42
 43
 44
 45
 46
 47
 48
 49
 50
 51
 52
 53
 54
 55
 56
 57
 90
 91
 92
 93
 94
 95
 96
 97
 98
 99
 100
 101
 102
 103
 104
 105
 106
 107
 108
 109
 110
 111
 112
 113
 114
 115
 116
 117
 118
 119
 120
 121
 vmscan: 1300
 vmscan: 1301
 vmscan: 1302
 vmscan: 1303
 vmscan: 1304
 vmscan: 1305
 vmscan: 1306
 vmscan: 1307
 vmscan: 1308
 vmscan: 1309
 vmscan: 1310
 vmscan: 1311
 vmscan: 1312
 vmscan: 1313
 vmscan: 1314
 vmscan: 1315
 vmscan: 1316
 vmscan: 1317
 vmscan: 1318
 vmscan: 1319
 vmscan: 1320
 vmscan: 1321
 vmscan: 1322
 vmscan: 1323
 vmscan: 1324
 vmscan: 1325
 vmscan: 1326
 vmscan: 1327
 vmscan: 1328
 vmscan: 1329
 vmscan: 1330
 vmscan: 1331
 vmscan: 1332
 vmscan: 1333
 vmscan: 1334
 vmscan: 1335
 vmscan: 1336
 vmscan: 1337
 vmscan: 1338
 vmscan: 1339
 vmscan: 1340
 vmscan: 1341
 vmscan: 1342
 vmscan: 1343
 vmscan: 1344
 vmscan: 1345
 vmscan: 1346
 vmscan: 1347
 vmscan: 1348
 vmscan: 1349
 vmscan: 1350
 vmscan: 1351
 vmscan: 1352
 vmscan: 1353
 vmscan: 1354
 vmscan: 1355
 vmscan: 1356
 vmscan: 1357
 vmscan: 1358
 vmscan: 1359
 vmscan: 1360
 vmscan: 1361
 vmscan: 1362
 vmscan: 1363
 vmscan: 1364
 vmscan: 1365
 vmscan: 1366
 vmscan: 1367
 vmscan: 1368
 vmscan: 1369
 vmscan: 1370
 vmscan: 1371
 vmscan: 1372
 vmscan: 1373
 vmscan: 1374
 vmscan: 1375
 vmscan: 1376
 vmscan: 1377
 vmscan: 1378
 vmscan: 1379
 vmscan: 1380
 vmscan: 1381
 vmscan: 1382
 vmscan: 1383
 vmscan: 1384
 vmscan: 1385
 vmscan: 1386
 vmscan: 1387
 vmscan: 1388
 vmscan: 1389
 vmscan: 1390
 vmscan: 1391
 vmscan: 1392
 vmscan: 1393
 vmscan: 1394
 vmscan: 1395
 vmscan: 1396
 vmscan: 1397
 vmscan: 1398
 vmscan: 1399
 vmscan: 1400
 vmscan: 1401
 vmscan: 1402
 vmscan: 1403
 vmscan: 1404
 vmscan: 1405
 vmscan: 1406
 vmscan: 1407
 vmscan: 1408
 vmscan: 1409
 vmscan: 1410
 vmscan: 1411
 vmscan: 1412
 vmscan: 1413
 vmscan: 1414
 vmscan: 1415
 vmscan: 1416
 vmscan: 1417
 vmscan: 1418
 vmscan: 1419
 vmscan: 1420
 vmscan: 1421
 vmscan: 1422
 vmscan: 1423
 vmscan: 1424
 vmscan: 1425
 vmscan: 1426
 vmscan: 1427
 vmscan: 1428
 vmscan: 1429
 vmscan: 1430
 vmscan: 1431
 vmscan: 1432
 vmscan: 1433
 vmscan: 1434
 vmscan: 1435
 vmscan: 1436
 vmscan: 1437
 vmscan: 1438
 vmscan: 1439
 vmscan: 1440
 vmscan: 1441
 vmscan: 1442
 vmscan: 1443
 vmscan: 1444
 vmscan: 1445
 vmscan: 1446
 vmscan: 1447
 vmscan: 1448
 vmscan: 1449
 vmscan: 1450
 vmscan: 1451
 vmscan: 1452
 vmscan: 1453
 vmscan: 1454
 vmscan: 1455
 vmscan: 1456
 vmscan: 1457
 vmscan: 1458
 57
 58
 59
 60
 61
 62
 63
 64
 65
 66
 67
 68
 69
 70
 71
 vmscan: 1459
 vmscan: 1460
 vmscan: 1461
 vmscan: 1462
 vmscan: 1463
 vmscan: 1464
 vmscan: 1465
 vmscan: 1466
 vmscan: 1467
 vmscan: 1468
 vmscan: 1469
 vmscan: 1470
 vmscan: 1471
 vmscan: 1472
 vmscan: 1473
 vmscan: 1474
 vmscan: 1475
 vmscan: 1476
 vmscan: 1477
 vmscan: 1478
 vmscan: 1479
 vmscan: 1480
 vmscan: 1481
 vmscan: 1482
 vmscan: 1483
 vmscan: 1484
 vmscan: 1485
 vmscan: 1486
 vmscan: 1487
 vmscan: 1488
 vmscan: 1489
 vmscan: 1490
 72
 73
 74
 75
 76
 77
 78
 79
 80
 81
 82
 83
 84
 85
 86
 vmscan: 1491
 vmscan: 1492
 vmscan: 1493
 vmscan: 1494
 87
 88
 122
 123
 124
 125
 126
 127
 128
 129
 130
 131
 132
 133
 134
 135
 136
 137
 138
 139
 140
 141
 142
 143
 144
 145
 146
 147
 148
 149
 150
 151
 159
 160
 161
 162
 163
 164
 165
 166
 167
 168
 169
 170
 171
 172
 173
 174
 175
 162
 163
 164
 165
 166
 167
 168
 169
 170
 171
 172
 173
 174
 175
 176
 177
 178
 179
 180
 181
 182
 183
 184
 185
 186
 187
 188
 189
 190
 191
 192
 193
 152
 153
 154
 155
 156
 157
 158
 159
 160
 161
 472
 473
 474
 475
 476
 477
 478
 479
 480
 481
 482
 483
 484
 485
 486
 487
 488
 489
 490
 491
 492
 493
 494
 495
 496
 497
 498
 499
 500
 501
 502
 503
 297
 298
 299
 300
 301
 302
 303
 304
 305
 306
 307
 308
 309
 310
 311
 312
 313
 314
 315
 316
 317
 318
 319
 320
 321
 322
 323
 324
 325
 326
 327
 328
 504
 505
 506
 507
 508
 509
 510
 511
 512
 513
 514
 515
 516
 517
 518
 519
 520
 521
 522
 523
 524
 525
 526
 527
 68
 69
 269
 270
 271
 272
 273
 274
 275
 276
 277
 278
 279
 280
 281
 282
 283
 284
 285
 286
 287
 288
 289
 290
 291
 292
 293
 294
 295
 296
 134
 135
 136
 137
 138
 139
 140
 141
 142
 143
 144
 145
 146
 147
 148
 149
 150
 151
 152
 153
 154
 155
 156
 157
 158
 159
 160
 161
 162
 163
 164
 165
 166
 167
 168
 169
 170
 171
 172
 173
 174
 175
 176
 177
 178
 179
 180
 181
 182
 183
 1
 2
 3
 4
 5
 6
 7
 70
 71
 72
 73
 74
 75
 76
 77
 78
 79
 80
 81
 82
 83
 76
 77
 78
 79
 80
 81
 82
 83
 84
 85
 86
 87
 88
 89
 90
 91
 92
 93
 94
 95
 96
 97
 98
 99
 100
 101
 6291545
 6291520
 6291521
 6291522
 6291523
 6291524
 6291525
 6291526
 6291527
 6291528
 6291529
 6291530
 6291531
 6291532
 6291533
 6291534
 6291535
 6291536
 6291537
 6291538
 6291539
 6291540
 6291541
 6291499
 6291488
 6291489
 6291490
 6291491
 6291492
 6291493
 6291494
 6291495
 6291496
 6291497
 6291498
 6291500
 6291501
 6291502
 6291503
 6291504
 6291505
 6291506
 6291507
 6291508
 6291509
 6291510
 6291511
 6291512
 6291513
 6291514
 6291515
 6291516
 6291517
 6291542
 6291543
 6291544
 6291546
 6291547
 6291548
 6291549
 6291550
 6291551
 3655
 3656
 3657
 3658
 3659
 3660
 3661
 3662
 3663
 3664
 3665
 3666
 3667
 3668
 3669
 3670
 3671
 3672
 3673
 3674
 3675
 3676
 3677
 3678
 3679
 3680
 3681
 3682
 3683
 3684
 3685
 3686
 3687
 3688
 3689
 3690
 3691
 3692
 3693
 3694
 3695
 3696
 3697
 3698
 3699
 3700
 3701
 3702
 3703
 3704
 3705
 vmscan: 7
 vmscan: 37
 vmscan: 39
 vmscan: 40
 vmscan: 65
 vmscan: 77
 vmscan: 81
 vmscan: 83
 vmscan: 87
 vmscan: 93
 vmscan: 97
 vmscan: 109
 vmscan: 134
 vmscan: 143
 vmscan: 152
 vmscan: 207
 vmscan: 208
 vmscan: 226
 vmscan: 235
 vmscan: 250
 vmscan: 266
 vmscan: 282
 vmscan: 1495
 vmscan: 1496
 vmscan: 1497
 vmscan: 1498
 vmscan: 1499
 vmscan: 1500
 vmscan: 1501
 vmscan: 1502
 vmscan: 1503
 vmscan: 1504
 vmscan: 1505
 vmscan: 1506
 vmscan: 1507
 vmscan: 1508
 vmscan: 1509
 vmscan: 1510
 vmscan: 1511
 vmscan: 1512
 vmscan: 1513
 vmscan: 1514
 vmscan: 1515
 vmscan: 1516
 vmscan: 1517
 vmscan: 1518
 vmscan: 1519
 vmscan: 1520
 vmscan: 1521
 vmscan: 1522
 vmscan: 1523
 vmscan: 1524
 vmscan: 359
 vmscan: 368
 vmscan: 388
 vmscan: 427
 vmscan: 430
 vmscan: 439
 vmscan: 451
 vmscan: 487
 vmscan: 513
 vmscan: 514
 vmscan: 515
 vmscan: 516
 vmscan: 517
 vmscan: 518
 vmscan: 519
 vmscan: 520
 vmscan: 521
 vmscan: 522
 vmscan: 523
 vmscan: 524
 vmscan: 525
 vmscan: 526
 vmscan: 527
 vmscan: 528
 vmscan: 529
 vmscan: 530
 vmscan: 531
 vmscan: 532
 vmscan: 533
 vmscan: 534
 vmscan: 535
 vmscan: 536
 vmscan: 537
 vmscan: 538
 vmscan: 539
 vmscan: 540
 vmscan: 541
 vmscan: 542
 vmscan: 543
 vmscan: 544
 vmscan: 545
 vmscan: 546
 vmscan: 547
 vmscan: 548
 vmscan: 549
 vmscan: 550
 vmscan: 551
 vmscan: 552
 vmscan: 553
 vmscan: 554
 vmscan: 555
 6291518
 6291519
 1
 2
 1
 2
 3
 4
 5
 6
 7
 4
 3706
 3707
 3708
 3709
 3710
 3711
 3712
 3713
 3714
 3715
 3716
 3717
 3718
 221
 222
 223
 224
 225
 226
 227
 228
 229
 230
 231
 232
 233
 234
 235
 236
 237
 238
 239
 240
 241
 242
 243
 244
 245
 246
 247
 248
 249
 250
 251
 252
 5
 6
 7
 6291502
 6291517
 vmscan: 556
 vmscan: 557
 vmscan: 558
 vmscan: 559
 vmscan: 560
 vmscan: 561
 vmscan: 562
 vmscan: 563
 vmscan: 564
 vmscan: 565
 vmscan: 566
 vmscan: 567
 vmscan: 568
 vmscan: 569
 vmscan: 570
 vmscan: 571
 vmscan: 572
 vmscan: 573
 vmscan: 574
 vmscan: 575
 vmscan: 576
 vmscan: 577
 vmscan: 578
 vmscan: 579
 vmscan: 580
 vmscan: 581
 vmscan: 582
 vmscan: 583
 vmscan: 584
 vmscan: 585
 vmscan: 586
 vmscan: 587
 vmscan: 588
 vmscan: 589
 vmscan: 590
 vmscan: 591
 vmscan: 592
 vmscan: 593
 vmscan: 594
 vmscan: 595
 vmscan: 596
 vmscan: 597
 vmscan: 598
 vmscan: 599
 vmscan: 600
 vmscan: 601
 vmscan: 602
 vmscan: 603
 vmscan: 604
 vmscan: 605
 vmscan: 606
 vmscan: 607
 vmscan: 608
 vmscan: 609
 vmscan: 610
 vmscan: 611
 vmscan: 612
 vmscan: 613
 vmscan: 614
 vmscan: 615
 vmscan: 616
 vmscan: 617
 vmscan: 618
 vmscan: 619
 vmscan: 620
 vmscan: 621
 vmscan: 622
 vmscan: 623
 vmscan: 624
 vmscan: 625
 vmscan: 626
 vmscan: 627
 vmscan: 628
 vmscan: 629
 vmscan: 630
 vmscan: 631
 vmscan: 632
 vmscan: 633
 vmscan: 634
 vmscan: 635
 vmscan: 636
 vmscan: 637
 vmscan: 638
 vmscan: 639
 vmscan: 640
 vmscan: 641
 vmscan: 642
 vmscan: 643
 vmscan: 644
 vmscan: 645
 vmscan: 646
 vmscan: 647
 vmscan: 648
 vmscan: 649
 vmscan: 650
 vmscan: 651
 vmscan: 652
 vmscan: 653
 vmscan: 654
 vmscan: 655
 vmscan: 656
 vmscan: 657
 vmscan: 658
 vmscan: 659
 vmscan: 660
 vmscan: 661
 vmscan: 662
 vmscan: 663
 vmscan: 664
 vmscan: 665
 vmscan: 666
 vmscan: 667
 vmscan: 668
 vmscan: 669
 vmscan: 670
 vmscan: 671
 vmscan: 672
 vmscan: 673
 vmscan: 674
 vmscan: 675
 vmscan: 676
 vmscan: 677
 vmscan: 926
 vmscan: 923
 vmscan: 922
 vmscan: 919
 vmscan: 918
 vmscan: 917
 vmscan: 916
 vmscan: 915
 vmscan: 904
 vmscan: 678
 vmscan: 679
 vmscan: 680
 vmscan: 681
 vmscan: 682
 vmscan: 683
 vmscan: 684
 vmscan: 685
 vmscan: 686
 vmscan: 687
 vmscan: 688
 vmscan: 689
 vmscan: 690
 vmscan: 691
 vmscan: 692
 vmscan: 693
 vmscan: 694
 vmscan: 695
 vmscan: 696
 vmscan: 697
 vmscan: 698
 vmscan: 699
 vmscan: 700
 vmscan: 701
 vmscan: 702
 vmscan: 703
 vmscan: 704
 vmscan: 705
 vmscan: 706
 vmscan: 707
 vmscan: 708
 vmscan: 709
 vmscan: 710
 vmscan: 711
 vmscan: 712
 vmscan: 713
 vmscan: 714
 vmscan: 715
 vmscan: 716
 vmscan: 717
 vmscan: 718
 vmscan: 719
 vmscan: 720
 vmscan: 721
 vmscan: 722
 vmscan: 723
 vmscan: 724
 vmscan: 725
 vmscan: 726
 vmscan: 727
 vmscan: 728
 vmscan: 729
 vmscan: 730
 vmscan: 731
 vmscan: 732
 vmscan: 733
 vmscan: 734
 vmscan: 735
 vmscan: 736
 vmscan: 737
 vmscan: 738
 vmscan: 739
 vmscan: 740
 vmscan: 741
 vmscan: 742
 vmscan: 743
 vmscan: 744
 vmscan: 745
 vmscan: 746
 vmscan: 747
 vmscan: 748
 vmscan: 749
 vmscan: 750
 vmscan: 751
 vmscan: 752
 vmscan: 753
 vmscan: 754
 vmscan: 755
 vmscan: 756
 vmscan: 757
 vmscan: 758
 vmscan: 759
 vmscan: 760
 vmscan: 761
 vmscan: 762
 vmscan: 763
 vmscan: 764
 vmscan: 765
 vmscan: 766
 vmscan: 767
 vmscan: 768
 vmscan: 769
 vmscan: 770
 vmscan: 771
 vmscan: 772
 vmscan: 773
 vmscan: 774
 vmscan: 775
 vmscan: 776
 vmscan: 777
 vmscan: 778
 vmscan: 779
 vmscan: 780
 vmscan: 781
 vmscan: 782
 vmscan: 783
 vmscan: 784
 vmscan: 785
 vmscan: 786
 vmscan: 787
 vmscan: 788
 vmscan: 789
 vmscan: 790
 vmscan: 791
 vmscan: 792
 vmscan: 793
 vmscan: 794
 vmscan: 795
 vmscan: 796
 vmscan: 797
 vmscan: 798
 vmscan: 799
 vmscan: 800
 vmscan: 801
 vmscan: 802
 vmscan: 803
 vmscan: 804
 vmscan: 805
 vmscan: 806
 vmscan: 807
 vmscan: 808
 vmscan: 809
 vmscan: 810
 vmscan: 811
 vmscan: 812
 vmscan: 813
 vmscan: 814
 vmscan: 815
 vmscan: 816
 vmscan: 817
 vmscan: 818
 vmscan: 819
 vmscan: 820
 vmscan: 821
 vmscan: 822
 vmscan: 823
 vmscan: 824
 vmscan: 825
 vmscan: 826
 vmscan: 827
 vmscan: 828
 vmscan: 829
 vmscan: 830
 vmscan: 831
 vmscan: 832
 vmscan: 833
 vmscan: 834
 vmscan: 835
 vmscan: 836
 vmscan: 837
 vmscan: 838
 vmscan: 839
 3719
 3720
 3721
 3722
 3723
 3724
 3725
 3726
 3727
 3728
 3729
 3730
 3731
 3732
 3733
 vmscan: 840
 vmscan: 841
 vmscan: 842
 vmscan: 843
 vmscan: 844
 vmscan: 845
 vmscan: 846
 vmscan: 847
 vmscan: 848
 vmscan: 849
 vmscan: 850
 3734
 3735
 3736
 3737
 3738
 3739
 3740
 3741
 3742
 3743
 3744
 3745
 3746
 3747
 3748
 vmscan: 851
 vmscan: 852
 vmscan: 853
 vmscan: 854
 vmscan: 855
 vmscan: 856
 vmscan: 857
 vmscan: 858
 vmscan: 859
 vmscan: 860
 vmscan: 861
 vmscan: 862
 vmscan: 863
 vmscan: 864
 vmscan: 865
 vmscan: 866
 vmscan: 867
 vmscan: 868
 vmscan: 869
 vmscan: 870
 vmscan: 871
 vmscan: 872
 vmscan: 873
 vmscan: 874
 vmscan: 875
 vmscan: 876
 vmscan: 877
 vmscan: 878
 vmscan: 879
 vmscan: 880
 vmscan: 881
 vmscan: 882
 vmscan: 883
 vmscan: 884
 vmscan: 885
 vmscan: 886
 vmscan: 887
 vmscan: 888
 vmscan: 889
 vmscan: 890
 vmscan: 891
 vmscan: 892
 vmscan: 893
 vmscan: 894
 vmscan: 927
 3749
 3750
 3751
 3752
 3753
 3754
 3755
 3756
 3757
 3758
 3759
 3760
 3761
 3762
 3763
 3764
 3765
 3766
 3767
 3768
 3769
 3770
 3771
 3772
 3773
 3774
 3775
 3776
 3777
 3778
 183930
 183929
 6816704
 6816703
 6816702
 6816701
 212649
 22922003635
 6291809
 6291808
 6816692
 6816691
 6816690
 6816689
 175802
 6816641
 6816640
 6816643
 6816646
 6816645
 6816644
 6816642
 244669
 147
 175803
 175806
 183933
 27
 31
 32
 258
 6291769
 6291768
 6816675
 6816674
 6816673
 6816672
 6291830
 6291829
 212464
 212463
 5768304
 5768303
 5768302
 5768301
 61232
 175793
 6291771
 6291770
 175796
 183920
 183914
 29
 183922
 183921
 183924
 25
 30
 183926
 26
 175800
 211005
 252791
 6816238
 6816237
 3573
 3572
 3571
 3569
 3568
 3566
 6816253
 6816252
 6816251
 6816250
 116
 115
 114
 113
 6291765
 6291764
 235
 6816256
 6816255
 6816254
 6291767
 6291766
 161
 10
 6816677
 175792
 212
 5767331
 6291752
 6291822
 6291821
 6816707
 6816706
 6816705
 6816733
 279
 183807
 183806
 6816249
 6816248
 6816247
 6816246
 6816715
 6816714
 6816713
 6816712
 6816711
 6816710
 6816709
 6816708
 8034337
 216
 6291826
 6291825
 6816241
 6816240
 6816668
 6816667
 6816666
 6816665
 6816664
 6816663
 6816650
 6816649
 6816648
 6816647
 183789
 28
 276
 6816245
 6816244
 6816243
 6816242
 183791
 183790
 774
 773
 183795
 183793
 277
 278
 183803
 183802
 6817559
 34304755955
 215
 214
 213
 6291811
 6291810
 22922003615
 211757
 6816696
 6816695
 6816694
 6816693
 6816662
 6816661
 6816660
 6816659
 6816658
 6816657
 6816656
 6816655
 1386
 1385
 6291760
 6291759
 183784
 183742
 1879
 275
 183787
 183786
 6291763
 6291761
 22922003581
 1359
 6816670
 6816669
 6816225
 6291816
 6291814
 22922003724
 204732
 204731
 204730
 204727
 204726
 273
 6817048
 6817047
 6817050
 6817049
 274
 1862
 6293017
 6293016
 6293009
 8542235
 6816232
 6816231
 6816230
 6816229
 627
 626
 183736
 183735
 223
 1358
 1357
 29
 215
 216191
 216189
 216188
 216187
 216181
 214
 6816654
 6816653
 6816652
 6816651
 211
 210
 126
 125
 222
 1361
 1388
 1387
 27
 1362
 5767339
 5767338
 786
 785
 6816224
 6816239
 34354071990
 5767340
 34359738364
 28
 6816226
 6816718
 6816717
 6816716
 6291828
 6291827
 212797
 212796
 212795
 212791
 212787
 217
 6293007
 5767330
 271
 2339
 1392
 1391
 5767335
 5767334
 5767337
 5767336
 34359738363
 1360
 403
 272
 2808
 6816688
 6816687
 6816686
 6816685
 8034340
 221
 1363
 1390
 1389
 204654
 204652
 204651
 204599
 204597
 218
 6291813
 6291812
 204670
 204669
 204667
 204666
 219
 204659
 204658
 204656
 792
 791
 5767341
 5776286
 5767329
 5767328
 6816723
 6816722
 6816721
 6816720
 6816719
 6291818
 6291817
 5768296
 5768295
 5768294
 5768293
 6817031
 6817030
 268
 1854
 6817033
 6817032
 177
 6291775
 6291774
 182
 269
 6816700
 6816699
 6816698
 6816697
 6291820
 6291819
 204350
 204345
 5767333
 5767332
 22922003734
 1364
 270
 5775378
 34359738365
 212657
 212651
 267
 13
 75
 6816985
 6816684
 6816683
 6816682
 6816681
 613
 612
 6817029
 6817028
 6816680
 6816679
 6816678
 6816676
 5768300
 5768299
 5768298
 5768297
 124
 123
 122
 121
 204344
 204343
 204342
 204340
 204338
 220
 6291773
 6291772
 183935
 183934
 263
 6817025
 6817024
 175975
 259
 652
 651
 260
 175976
 1923
 264
 1908
 265
 798
 797
 175979
 175977
 266
 295
 6817027
 6817026
 3574
 6816236
 6816235
 6816234
 6816233
 6292577
 6292576
 3564
 3563
 3562
 3561
 3559
 6816671
 261
 176
 6817052
 6817051
 6817054
 6817053
 4252587
 262
 6817056
 6817055
 3779
 3780
 3781
 3782
 3783
 3784
 3785
 3786
 3787
 3788
 3789
 3790
 3791
 3792
 3793
 3794
 3795
 3796
 3797
 3798
 3799
 3800
 3801
 3802
 3803
 3804
 3805
 3806
 3807
 3808
 2
 3
 4
 5
 6
 7
 8
 9
 10
 11
 12
 13
 14
 15
 16
 4252622
 4252627
 4252628
 4252632
 4252633
 4252637
 1
 2
 3
 4
 5
 6
 7
 8
 3809
 3810
 3811
 3812
 3813
 3814
 1
 2
 3
 4
 5
 5251257
 5244117
 5244096
 5244097
 5244098
 5244099
 5244100
 5244101
 5244102
 5244103
 5244104
 5244105
 5244106
 5244107
 5244108
 5244109
 5244110
 5244111
 5244112
 5244113
 5244114
 5244115
 5244116
 5244118
 5244119
 5244120
 5244121
 5244122
 5244123
 5244124
 5244125
 5244126
 5244127
 5244128
 107
 108
 109
 110
 111
 112
 113
 114
 115
 116
 117
 118
 119
 120
 121
 122
 123
 124
 125
 126
 127
 128
 129
 130
 131
 132
 133
 134
 135
 136
 137
 138
 139
 140
 141
 142
 143
 144
 145
 146
 147
 148
 149
 150
 151
 152
 153
 154
 155
 156
 157
 158
 159
 160
 161
 162
 163
 164
 165
 166
 90
 91
 92
 93
 94
 95
 96
 97
 98
 99
 100
 101
 102
 103
 104
 105
 106
 263
 264
 265
 266
 267
 268
 269
 270
 271
 272
 273
 274
 275
 276
 277
 278
 279
 280
 281
 282
 283
 284
 285
 286
 287
 288
 289
 290
 291
 292
 293
 294
 295
 296
 297
 298
 299
 300
 301
 302
 303
 304
 305
 306
 307
 308
 309
 310
 311
 312
 313
 314
 315
 316
 317
 318
 319
 320
 321
 322
 323
 324
 325
 326
 327
 328
 329
 330
 331
 332
 333
 334
 335
 336
 454
 455
 456
 457
 458
 459
 460
 461
 462
 463
 464
 465
 466
 467
 468
 469
 470
 471
 194
 195
 196
 197
 198
 199
 200
 201
 202
 203
 204
 205
 206
 207
 208
 209
 210
 211
 212
 213
 214
 215
 216
 217
 218
 219
 220
 223
 224
 225
 226
 227
 228
 229
 230
 167
 168
 169
 170
 171
 172
 225
 226
 227
 228
 229
 230
 231
 232
 233
 234
 235
 236
 237
 238
 239
 240
 241
 242
 243
 244
 245
 246
 247
 248
 249
 250
 251
 252
 253
 254
 255
 256
 343
 344
 345
 346
 347
 348
 349
 350
 351
 352
 353
 354
 355
 356
 357
 358
 359
 360
 361
 362
 363
 364
 528
 529
 530
 531
 532
 533
 534
 535
 536
 537
 538
 539
 540
 541
 542
 543
 544
 545
 546
 547
 548
 549
 550
 551
 552
 553
 554
 555
 556
 557
 558
 559
 189
 190
 191
 192
 193
 194
 195
 196
 197
 198
 199
 200
 201
 202
 203
 204
 205
 206
 207
 208
 209
 210
 211
 212
 213
 214
 215
 216
 217
 218
 219
 220
 184
 185
 186
 187
 188
 189
 190
 191
 192
 193
 3815
 3816
 3817
 3818
 3819
 3820
 3821
 3822
 3823
 3824
 3825
 3826
 3827
 3828
 3829
 3830
 3831
 3832
 3833
 3834
 17
 18
 19
 20
 21
 22
 23
 24
 vmscan: 1525
 vmscan: 1526
 vmscan: 1527
 vmscan: 1528
 vmscan: 1529
 vmscan: 1530
 vmscan: 1531
 vmscan: 1532
 vmscan: 1533
 vmscan: 1534
 vmscan: 1535
 vmscan: 1536
 vmscan: 1537
 vmscan: 1538
 vmscan: 1539
 vmscan: 1540
 vmscan: 1541
 vmscan: 1542
 vmscan: 1543
 vmscan: 1544
 vmscan: 1545
 vmscan: 1546
 vmscan: 1547
 vmscan: 1548
 vmscan: 1549
 vmscan: 1550
 vmscan: 1551
 vmscan: 1552
 vmscan: 1553
 vmscan: 1554
 vmscan: 1555
 vmscan: 1556
 vmscan: 1557
 vmscan: 1558
 vmscan: 1559
 vmscan: 1560
 vmscan: 1561
 vmscan: 1562
 vmscan: 1563
 vmscan: 1564
 vmscan: 1565
 vmscan: 1566
 vmscan: 1567
 vmscan: 1568
 vmscan: 1569
 vmscan: 1570
 vmscan: 1571
 vmscan: 1572
 vmscan: 1573
 vmscan: 1574
 vmscan: 1575
 vmscan: 1576
 vmscan: 1577
 vmscan: 1578
 vmscan: 1579
 vmscan: 1580
 vmscan: 1581
 vmscan: 1582
 vmscan: 1583
 vmscan: 1584
 3835
 3836
 3837
 3838
 3839
 3840
 3841
 3842
 3843
 3844
 3845
 3846
 33
 34
 35
 36
 37
 38
 39
 40
 41
 42
 43
 44
 45
 46
 47
 48
 49
 50
 51
 52
 53
 54
 55
 56
 57
 58
 59
 60
 61
 62
 63
 64
 16
 17
 18
 19
 20
 21
 22
 23
 24
 25
 26
 27
 28
 29
 30
 31
 32
 1
 2
 3
 4
 5
 6
 7
 8
 9
 10
 11
 12
 13
 14
 15
 65
 66
 67
 68
 69
 70
 71
 72
 73
 74
 75
 76
 77
 9
 10
 11
 12
 13
 14
 15
 16
 4252638
 4252641
 4252642
 4252646
 4252647
 4252651
 4252652
 23083247569
 23083247148
 23083247174
 23083247519
 23083247157
 23083247152
 23083247150
 23083247342
 23083247418
 23083247147
 23083247339
 23083247146
 23083247498
 23083247401
 23083247409
 23083247511
 23083247338
 23083247345
 23083247425
 23083247404
 23083247423
 23083247343
 23083247178
 23083247522
 23083247176
 23083247499
 23083247434
 23083247426
 23083247279
 23083247160
 23083247156
 23083247166
 23083247512
 23083247167
 23083247168
 23083247169
 23083247170
 23083247171
 23083247172
 23083247570
 23083247173
 23083247523
 23083247524
 23083247525
 23083247526
 23083247527
 23083247528
 78
 79
 80
 81
 82
 83
 84
 85
 86
 87
 88
 89
 90
 3847
 3848
 3849
 3850
 3851
 3852
 3853
 3854
 3855
 3856
 3857
 3858
 3859
 3860
 3861
 3862
 3863
 3864
 3865
 3866
 3867
 3868
 3869
 3870
 3871
 3872
 3873
 3874
 3875
 3876
 3877
 3878
 23083247529
 23083247530
 23083247531
 23083247532
 23083247533
 23083247574
 23083247155
 253
 23083247416
 23083247435
 23083247576
 23083247340
 23083247254
 23083247580
 23083247579
 23083247336
 34299294279
 23083240828
 23083240826
 34359738365
 448
 23083247581
 251
 23083247568
 23083247143
 23083247575
 23083247158
 23083247565
 23083247141
 23083247571
 23083247536
 4252654
 4252655
 4252658
 4252659
 4252661
 38
 34299292683
 5776251
 5767560
 5767552
 5767553
 5767554
 5767555
 5767556
 5767557
 5767558
 5767559
 5767561
 5767562
 5767563
 5767564
 5767565
 5767566
 5767567
 5767568
 5767569
 5767570
 5767571
 5767572
 5767573
 5767574
 5767575
 5767576
 5767577
 5767578
 5767579
 5767580
 5767581
 5767582
 5767583
 1
 2
 3
 34359738366
 4252652
 5767557
 5767573
 207
 208
 209
 210
 211
 212
 213
 214
 232
 233
 234
 235
 236
 237
 238
 239
 240
 15
 16
 17
 18
 19
 20
 21
 22
 23
 24
 25
 26
 27
 28
 29
 30
 31
 32
 31
 38
 34359738364
 37
 34137022974
 30
 34137022970
 4
 5
 6
 7
 8
 9
 10
 11
 12
 13
 14
 34359738363
 36
 35
 4
 3
 34137022971
 449
 447
 114
 113
 3
 2
 34137022944
 25
 24
 34137022941
 34137022942
 444
 445
 446
 448
 29
 34137019245
 34137021354
 34137021352
 34137021351
 34137022421
 22911605383
 1
 2
 3
 4
 5
 6
 7
 8
 9
 10
 11
 12
 13
 14
 15
 16
 17
 18
 19
 20
 21
 74
 75
 76
 77
 78
 79
 80
 81
 82
 83
 84
 85
 86
 87
 88
 89
 90
 91
 92
 93
 94
 95
 96
 97
 98
 99
 100
 101
 102
 103
 104
 105
 405
 406
 407
 408
 409
 410
 411
 412
 413
 414
 415
 416
 417
 418
 419
 420
 421
 422
 423
 424
 425
 426
 427
 428
 429
 430
 431
 432
 433
 434
 435
 436
 106
 107
 108
 109
 110
 111
 112
 113
 114
 115
 116
 117
 118
 119
 120
 121
 122
 123
 124
 125
 126
 127
 128
 129
 130
 131
 132
 133
 350
 351
 352
 353
 354
 355
 356
 357
 358
 359
 360
 361
 362
 363
 364
 365
 366
 367
 368
 369
 370
 371
 372
 373
 374
 375
 376
 377
 378
 379
 380
 381
 22911605384
 22911605388
 22911605396
 4726800
 22911605389
 4718624
 4718625
 4718626
 4718627
 4718628
 4718629
 4718630
 4718631
 4718632
 4718633
 4718634
 4718635
 4718636
 4718637
 4718638
 4718639
 4718640
 4718641
 4718642
 4718643
 4718644
 4718645
 4718646
 4718647
 4718648
 4718649
 4718650
 4718651
 4718652
 4718653
 4718654
 4718655
 4718656
 22911605385
 34359738362
 34359738361
 22911605390
 34137022422
 4718631
 4718646
 82
 83
 84
 85
 86
 87
 88
 89
 90
 92
 93
 216
 217
 218
 219
 220
 221
 228
 229
 230
 231
 315
 316
 317
 318
 319
 29
 30
 31
 3879
 3880
 3881
 3882
 3883
 3884
 3885
 3886
 3887
 3888
 3889
 3890
 3891
 3892
 3893
 3894
 3895
 3896
 3897
 3898
 3899
 3900
 3901
 3902
 3903
 3904
 3905
 3906
 3907
 3908
 23083247582
 23083240830
 259
 23083240827
 23083247517
 23083247577
 23083247164
 257
 23083247327
 23083247289
 23083247163
 23083247287
 23083247290
 23083247572
 23083247518
 23083247583
 23083247452
 23083247566
 23083247585
 23083247578
 23083247286
 23083247562
 23083247537
 23083247280
 23083247277
 23083247285
 23083247278
 23083247274
 23083247264
 23083247276
 23083247249
 23083247265
 23083247282
 23083247291
 23083247307
 23083247448
 23083247516
 23083247457
 23083247385
 23083247376
 23083247252
 23083247380
 23083247444
 23083247392
 23083247232
 23083247233
 34359738362
 23083247587
 23083247433
 23083247235
 23083247234
 23083247309
 23083247236
 23083247443
 23083247382
 23083247229
 145
 34359738361
 23083247253
 23083247324
 23083247204
 23083247217
 23083247205
 23083247206
 23083247175
 23083247180
 23083247195
 23083247207
 23083247464
 23083247201
 23083247514
 23083247197
 23083247181
 23083247198
 23083247199
 23083247200
 23083247182
 23083247430
 23083247192
 23083247193
 23083247194
 23083247427
 23083247189
 23083247183
 23083247588
 23083247346
 23083247329
 248
 23083247185
 23083247186
 23083247187
 23083247188
 23083247328
 23083247414
 23083247399
 23083247348
 23083247383
 34359738359
 23083247354
 23083247212
 23083247224
 23083247240
 23083247225
 23083247219
 382
 383
 384
 385
 386
 387
 388
 389
 390
 391
 392
 393
 394
 395
 396
 397
 398
 399
 400
 401
 402
 403
 404
 23083247226
 23083247227
 23083247221
 23083247589
 23083247521
 23083247400
 23083247388
 23083247218
 23083247215
 23083247364
 23083247250
 23083247251
 38
 34299292683
 23083240827
 23083240830
 259
 247
 23083247564
 23083247146
 23083247581
 23083247517
 23083247572
 23083247571
 23083247583
 449
 23083247582
 23083247580
 23083247567
 23083247568
 23083247536
 23083247576
 23083247585
 23083247578
 23083247566
 23083247535
 23083247562
 23083240829
 34359738361
 23083247332
 23083247588
 23083247537
 23083247579
 23083247586
 23083247519
 23083247561
 23083247147
 23083247575
 23083247565
 23083247159
 23083247150
 23083247416
 23083247563
 23083247518
 23083247573
 23083247584
 23083247148
 23083247587
 23083247141
 23083247574
 23083247151
 253
 23083247516
 23083247158
 23083247149
 23083247309
 23083247152
 23083247569
 23083247433
 23083247178
 23083247547
 23083247157
 23083247511
 23083247434
 23083247409
 23083247522
 23083247342
 23083247596
 4719125
 4719104
 4719105
 4719106
 4719107
 4719108
 4719109
 4719110
 4719111
 4719112
 4719113
 4719114
 4719115
 4719116
 4719117
 4719118
 4719119
 4719120
 4719121
 4719122
 4719123
 4719124
 4719126
 4719127
 4719128
 4719129
 4719130
 4719131
 4719132
 4719133
 4719134
 4719135
 34299292682
 23083247414
 23083247143
 34299294309
 34299294305
 249
 23083247153
 4719117
 4719133
 34299294309
 34299294305
 34299294306
 34299294306
 37
 1
 2
 3
 4
 5
 6
 7
 8
 9
 10
 11
 12
 13
 14
 15
 16
 17
 18
 19
 20
 21
 22
 23
 24
 25
 26
 27
 28
 29
 30
 31
 43
 3
 11
 42
 39
 43
 2
 3
 10
 11
 444
 42
 43
 44
 45
 46
 47
 48
 49
 50
 51
 52
 53
 54
 55
 56
 57
 58
 59
 60
 61
 62
 63
 64
 65
 66
 67
 68
 69
 70
 71
 72
 73
 74
 75
 76
 77
 78
 79
 80
 81
 82
 83
 84
 85
 86
 87
 88
 89
 90
 91
 92
 93
 94
 95
 96
 97
 98
 99
 100
 101
 102
 103
 104
 105
 106
 107
 108
 109
 110
 111
 112
 114
 115
 116
 117
 118
 119
 120
 121
 122
 123
 124
 125
 126
 127
 128
 129
 130
 131
 132
 133
 134
 135
 136
 154
 155
 156
 157
 158
 159
 160
 161
 162
 163
 164
 165
 166
 167
 168
 169
 35
 36
 37
 38
 39
 40
 41
 42
 43
 44
 45
 47
 48
 49
 50
 1
 2
 3
 4
 5
 6
 7
 8
 9
 312
 313
 314
 34299294279
 23083240828
 34359738362
 448
 23083247577
 23083240826
 251
 23083247357
 23083247368
 3909
 3910
 3911
 3912
 3913
 3914
 3915
 3916
 3917
 3918
 3919
 3920
 3921
 3922
 3923
 3924
 3925
 3926
 3927
 3928
 3929
 3930
 3931
 3932
 3933
 3934
 3935
 3936
 3937
 3938
 23083247315
 23083247246
 23083247352
 23083247548
 23083247395
 34299294279
 23083240828
 23083240826
 34359738365
 448
 23083247577
 251
 23083247582
 23083247143
 23083247563
 23083247573
 23083247562
 23083247141
 23083247587
 23083247536
 3939
 3940
 3941
 3942
 38
 34299292683
 23083247565
 23083247580
 34299292682
 23083247575
 23083247574
 4729799
 6815750
 428
 429
 449
 1
 2
 3
 34359738366
 6291526
 6291541
 5244096
 5244111
 5244127
 113
 138
 139
 140
 141
 142
 143
 144
 145
 146
 147
 148
 149
 150
 151
 152
 153
 186
 187
 188
 189
 190
 191
 192
 193
 194
 195
 196
 197
 198
 199
 200
 201
 218
 219
 220
 221
 222
 223
 224
 225
 226
 228
 229
 230
 231
 232
 233
 215
 4
 5
 6
 7
 8
 9
 10
 11
 12
 13
 14
 15
 16
 15
 38
 34359738365
 37
 34304073622
 12
 34304073618
 34359738364
 5776189
 5767292
 5767264
 5767265
 5767266
 5767267
 5767268
 5767269
 5767270
 5767271
 5767272
 5767273
 5767274
 5767275
 5767276
 5767277
 5767278
 5767279
 5767280
 5767281
 5767282
 5767283
 5767284
 5767285
 5767286
 5767287
 5767288
 5767289
 5767290
 5767291
 5767293
 5767294
 5767295
 5767269
 5767284
 32
 33
 34
 35
 36
 37
 38
 39
 40
 41
 42
 43
 43
 42
 7
 6
 34304073619
 449
 447
 25
 24
 34304073592
 34304073593
 444
 445
 446
 448
 39
 40
 41
 34304071028
 34304071994
 34304071992
 34304071991
 23061972948
 23061972949
 13
 23061972950
 1
 2
 3
 4
 5
 6
 1
 2
 3
 4
 5
 6
 7
 8
 9
 10
 11
 12
 13
 14
 23083247571
 23083240830
 259
 23083240827
 23083247567
 23083247517
 3943
 3944
 3945
 3946
 3947
 3948
 3949
 3950
 3951
 3952
 3953
 3954
 3955
 3956
 3957
 3958
 3959
 3960
 3961
 3962
 3963
 3964
 3965
 3966
 15
 16
 17
 18
 19
 20
 21
 22
 23
 24
 25
 26
 27
 28
 29
 30
 31
 32
 33
 34
 35
 36
 37
 38
 39
 40
 41
 42
 43
 44
 45
 46
 47
 48
 49
 50
 51
 52
 53
 54
 55
 56
 57
 58
