 95
 102
 103
 104
 105
 106
 107
 108
 109
 110
 111
 112
 113
 114
 115
 116
 117
 118
 119
 122
 1
 2
 3
 4
 5
 6
 7
 8
 9
 10
 11
 15
 17
 19
 20
 21
 22
 23
 24
 25
 26
 27
 28
 29
 30
 31
 54
 55
 56
 57
 58
 59
 60
 61
 62
 63
 64
 65
 66
 67
 68
 69
 70
 71
 72
 73
 74
 354
 355
 356
 357
 358
 359
 360
 361
 362
 363
 364
 365
 366
 367
 368
 369
 370
 371
 373
 374
 375
 376
 377
 7465
 9317
 9330
 9339
 15566
 15567
 15569
 15573
 15576
 9184
 15647
 15648
 15651
 15653
 10821
 10822
 10823
 10837
 10843
 10850
 13246
 13251
 13252
 13254
 13255
 5873
 4982
 2849
 2850
 2851
 2852
 2853
 2854
 2855
 2856
 2857
 2858
 2859
 2860
 2863
 2864
 2865
 2866
 2869
 2872
 2873
 2875
 17799
 17800
 17801
 17802
 17804
 17805
 17806
 17807
 17808
 17809
 17810
 17811
 17812
 17813
 17815
 17816
 17817
 17819
 7521
 7526
 7529
 7530
 7531
 7532
 7533
 5019
 5021
 5022
 5028
 5029
 5030
 5031
 5032
 5033
 5035
 5036
 17575
 17580
 17581
 17585
 17586
 17589
 17591
 17594
 17120
 17122
 17129
 17132
 17133
 17134
 17135
 17138
 17142
 7233
 7287
 2911
 2923
 5242929
 5242929
 5242929
 5242929
 5242929
 5242929
 5242929
 5242929
 5242929
 5242929
 5242929
 5242929
 5242929
 5242929
 5242929
 2755
 2756
 2763
 2766
 2774
 2779
 8486
 8496
 7871
 7872
 7873
 13521
 13525
 13528
 13529
 13531
 13536
 1472
 1481
 1483
 1488
 1498
 14326
 14327
 14333
 14336
 14337
 14339
 14342
 14344
 15029
 15034
 9545
 9546
 9547
 9555
 9557
 14954
 14955
 14956
 14957
 14960
 14961
 1499
 1500
 1501
 1502
 1513
 19152
 19153
 19154
 19155
 19156
 19157
 19158
 19159
 19160
 19161
 19162
 19163
 19164
 19165
 19166
 19167
 19168
 19169
 19170
 19171
 19172
 19173
 19174
 19175
 19176
 19177
 19178
 19179
 19180
 19181
 19182
 19183
 16829
 16840
 16841
 16843
 16844
 16851
 16852
 16854
 16855
 7412
 7417
 7418
 7419
 7421
 7422
 7423
 7428
 13731
 13734
 13736
 13737
 13738
 13739
 13740
 13741
 13742
 13744
 2787
 2788
 12322
 17165
 17166
 17167
 17170
 17171
 17513
 17515
 17516
 17518
 17522
 17524
 17526
 17527
 17528
 5518
 5519
 5521
 2599
 2613
 2616
 2618
 2620
 2622
 2625
 2626
 15992
 15993
 15994
 15198
 15202
 15216
 8896
 8897
 8902
 9569
 8947
 8948
 8950
 8951
 8956
 13489
 13498
 13503
 13505
 13506
 13508
 7539
 6156
 7889
 7893
 7899
 7902
 1319
 1321
 1322
 1324
 1325
 1326
 1327
 1328
 1329
 1330
 1331
 1332
 1334
 1335
 13395
 7085
 16506
 16509
 16510
 16511
 16512
 16515
 16518
 16519
 8836
 8840
 8844
 6001
 6004
 6005
 6007
 6008
 6010
 6011
 6012
 6017
 6018
 11242
 11243
 11254
 11259
 1620
 1621
 1626
 5734
 5736
 5737
 5739
 5749
 6026
 6027
 6031
 6034
 6035
 6038
 6040
 6044
 6046
 13843
 13844
 13848
 13854
 3730
 3740
 3741
 1271
 1272
 1273
 1274
 1275
 1276
 1277
 1278
 1279
 1280
 1281
 1282
 1284
 1285
 1286
 1287
 1288
 1289
 1290
 1291
 1292
 1293
 1294
 1296
 1297
 1830
 1831
 1846
 4734
 4738
 4741
 4747
 4750
 4760
 16438
 16441
 8986
 8994
 9005
 17820
 17821
 17822
 17826
 17828
 17830
 17831
 17833
 17834
 17836
 17837
 17845
 2375
 2376
 2384
 2385
 2387
 2388
 2389
 2390
 2392
 2401
 2402
 6387
 6402
 6409
 2569
 2571
 2580
 2582
 2593
 4931
 4932
 4943
 5069
 5070
 5072
 5074
 5086
 5087
 5088
 5090
 5092
 5095
 5097
 19184
 19185
 19186
 19187
 19188
 19189
 19190
 19191
 19192
 19193
 19194
 19195
 19196
 19197
 19198
 19199
 19200
 19201
 19202
 19203
 19204
 19205
 19206
 19207
 19208
 19209
 19210
 19211
 19212
 19213
 19214
 19215
 4572
 4575
 4580
 4583
 4584
 4585
 4587
 4588
 4589
 4591
 4592
 4602
 2323
 2329
 2336
 2344
 14879
 14881
 14884
 14892
 2405
 2406
 2412
 10890
 10895
 10896
 10897
 6199
 6202
 14668
 14671
 14675
 14678
 14679
 14683
 14768
 14769
 14770
 5905
 5911
 5913
 9582
 9613
 17001
 17002
 17003
 17005
 17006
 17007
 17010
 17012
 17013
 17014
 16386
 16387
 16388
 16390
 16393
 16395
 16400
 12391
 12393
 12397
 12401
 1767
 1774
 1776
 1780
 1783
 1784
 1786
 8080
 8081
 8087
 8088
 8089
 8093
 16675
 9336
 9338
 9340
 10485
 10486
 10487
 10488
 10489
 10490
 10491
 10492
 10493
 10494
 10495
 10501
 10504
 10505
 10506
 10507
 10508
 10509
 10510
 10511
 10512
 10513
 10514
 10515
 10516
 17289
 17290
 17299
 17314
 5751
 5760
 5764
 5773
 5774
 14130
 14132
 14133
 14139
 14140
 14142
 14144
 6249
 6259
 5965
 5977
 5978
 5979
 5981
 2640
 2646
 13217
 13219
 13221
 13222
 13226
 13228
 1173
 1175
 1183
 1190
 1197
 5347
 5350
 5351
 5353
 5364
 17018
 17019
 17022
 17023
 17024
 17030
 4228062
 17274
 17277
 1538
 1542
 1550
 11192
 11196
 11206
 12305
 12306
 12321
 17407
 11270
 11272
 11274
 14801
 14803
 14804
 14805
 14807
 14824
 1420
 1421
 1422
 1423
 1426
 1429
 1430
 17848
 17850
 17853
 17857
 17859
 17235
 17236
 17251
 4656
 4657
 4658
 4666
 4667
 4671
 3784
 3790
 3795
 3796
 19216
 19217
 19218
 19219
 19220
 19221
 19222
 19223
 19224
 19225
 19226
 19227
 19228
 19229
 19230
 19231
 19232
 19233
 19234
 19235
 19236
 19237
 19238
 19239
 19240
 19241
 19242
 19243
 19244
 19245
 19246
 19247
 9176
 9177
 9190
 9205
 17625
 17626
 17627
 6340
 6347
 6348
 16923
 16924
 16926
 16927
 16929
 8497
 8501
 6676
 6677
 6678
 6679
 6680
 6681
 6682
 6683
 6684
 6685
 6686
 6687
 6688
 6689
 6690
 6691
 6692
 6693
 6700
 3549
 3554
 3559
 3560
 3562
 4012
 4013
 4014
 4028
 4029
 4043
 14484
 8024
 8028
 8031
 8039
 13416
 13417
 13419
 13421
 13424
 13954
 13956
 13959
 13964
 13967
 13969
 13970
 13971
 13972
 13973
 13975
 13976
 6722
 6747
 1565
 1566
 1567
 1572
 1577
 1580
 1583
 1586
 1587
 1589
 17187
 17188
 17194
 17197
 17201
 17202
 14234
 14235
 14238
 14240
 14242
 14243
 14244
 14249
 14250
 14255
 5843
 5849
 5701
 5706
 5707
 5708
 5711
 5712
 10969
 10974
 10981
 10989
 10990
 10994
 10995
 10996
 4514
 4518
 4519
 4520
 4521
 4522
 4524
 4527
 4530
 4533
 15771
 15772
 15784
 15786
 15787
 15789
 9198
 9201
 9224
 9229
 5396
 5397
 5399
 5401
 5402
 5406
 5408
 5412
 5423
 5426
 15229
 15240
 7678
 5494
 5508
 5510
 14013
 14015
 14021
 14023
 14025
 14034
 14036
 1821
 5822
 13127
 13139
 13140
 13141
 7612
 7613
 7614
 7616
 7617
 7627
 13754
 13756
 13758
 13763
 13765
 13769
 13771
 11456
 11457
 11458
 11459
 11460
 11461
 11462
 11463
 11464
 11465
 11466
 11467
 11468
 11469
 11470
 11471
 11472
 11473
 11474
 11475
 11476
 11477
 11478
 11479
 11480
 11481
 11482
 11483
 11484
 11485
 11486
 11487
 17075
 4546
 4557
 19248
 19249
 19250
 19251
 19252
 19253
 19254
 19255
 19256
 19257
 19258
 19259
 19260
 19261
 19262
 19263
 19264
 19265
 19266
 19267
 19268
 19269
 19270
 19271
 19272
 19273
 19274
 19275
 19276
 19277
 19278
 19279
 14068
 14071
 14074
 14083
 3247
 3259
 3260
 3262
 3190
 3192
 3193
 3194
 3195
 3200
 3205
 3206
 3212
 3214
 9282
 9288
 9289
 8969
 8978
 8981
 10997
 10998
 10999
 16139
 16150
 15353
 15355
 15363
 15368
 15369
 16481
 16482
 16484
 16486
 16488
 15938
 15945
 15946
 15947
 15949
 15950
 15951
 15960
 17866
 17869
 17870
 17883
 17884
 3477
 3492
 15273
 15281
 13267
 13273
 2687
 2697
 2698
 2699
 2702
 2715
 15607
 15617
 6480
 6496
 6509
 6975
 6977
 6979
 6985
 6991
 9465
 9473
 9474
 4727
 4731
 4737
 7451
 14192
 14194
 14199
 14200
 14202
 14203
 14204
 14205
 14206
 14211
 14218
 12300
 12301
 12302
 12303
 12304
 12307
 12308
 12314
 12315
 12316
 14634
 14640
 14643
 14644
 14645
 14646
 14647
 14649
 14651
 16730
 16731
 16740
 16741
 16746
 16748
 1212
 1225
 9430
 9445
 17860
 17862
 17863
 17864
 17865
 17868
 17871
 17874
 17875
 17876
 17880
 17881
 17882
 17886
 17890
 11066
 11072
 11075
 14962
 14969
 14971
 14492
 14495
 14504
 14505
 14506
 14507
 14508
 14509
 14510
 14517
 19280
 19281
 19282
 19283
 19284
 19285
 19286
 19287
 19288
 19289
 19290
 19291
 19292
 19293
 19294
 19295
 19296
 19297
 19298
 19299
 19300
 19301
 19302
 19303
 19304
 19305
 19306
 19307
 19308
 19309
 19310
 19311
 17402
 17403
 17404
 17406
 17410
 17412
 17413
 17415
 17417
 17418
 17420
 17421
 17422
 17423
 17424
 9732
 9737
 9738
 9742
 9744
 11790
 11791
 11792
 11793
 11794
 11795
 11796
 11797
 11798
 11799
 11800
 11801
 11802
 11803
 11804
 3504
 3512
 18433
 18439
 18440
 18441
 18443
 4485
 4489
 4490
 4491
 4499
 4500
 4501
 4502
 4510
 8309
 9050
 9053
 9063
 9065
 9071
 9072
 16039
 9593
 3117
 3122
 3132
 3144
 3146
 3147
 2662
 2663
 2665
 2666
 2667
 2669
 2670
 2673
 2674
 2675
 2676
 2684
 2690
 17312
 17318
 17319
 17320
 15694
 15695
 15698
 15700
 4964
 4965
 3595
 3597
 3600
 3603
 3606
 3608
 3612
 3613
 3616
 3623
 7303
 7307
 7308
 7310
 7311
 15367
 15376
 15377
 15379
 15382
 9517
 9519
 3057
 3058
 3060
 3061
 3071
 3073
 3074
 3080
 9384
 9389
 9400
 9415
 5637
 5639
 5640
 5641
 5644
 6893
 6897
 13397
 13402
 15858
 15865
 15867
 15870
 15872
 15874
 7472
 7480
 7481
 7483
 5668
 5674
 9083
 17892
 17894
 17896
 17900
 17902
 17903
 17905
 17909
 17910
 17911
 17912
 17913
 17917
 17919
 2497
 2500
 7512
 7513
 7515
 1525
 2229
 2231
 2233
 2234
 2235
 2236
 2237
 2238
 2239
 2240
 2241
 2242
 2243
 1813
 1819
 17126
 17127
 17137
 17139
 17144
 17147
 7269
 9787
 9793
 9799
 9800
 9802
 1622
 1623
 1624
 15752
 15753
 15755
 15756
 15757
 15758
 15759
 15761
 15764
 15765
 15766
 15767
 15768
 7938
 7945
 7954
 7955
 1443
 1445
 1450
 1452
 16856
 16857
 16858
 16859
 7632
 7637
 7643
 11230
 11231
 13467
 3417
 3421
 3422
 3428
 3432
 3433
 3434
 3435
 3443
 9128
 9132
 9133
 9134
 9142
 5276090
 5276090
 12332
 12336
 12341
 9715
 17265
 14038
 14040
 14041
 14042
 14043
 14052
 14053
 5531
 5532
 5535
 5536
 5537
 5538
 5547
 19312
 19313
 19314
 19315
 19316
 19317
 19318
 19319
 19320
 19321
 19322
 19323
 19324
 19325
 19326
 19327
 19328
 19329
 19330
 19331
 19332
 19333
 19334
 19335
 19336
 19337
 19338
 19339
 19340
 19341
 19342
 19343
 6995
 11176
 11178
 11183
 11189
 11191
 17628
 17629
 17631
 17637
 17638
 17640
 17641
 17643
 17646
 17648
 17651
 17653
 8777
 3231
 3233
 3235
 3244
 8876
 8883
 15790
 15802
 6172
 7968
 13650
 13651
 13665
 13674
 13676
 13680
 3627
 3640
 3650
 16179
 16470
 17683
 17689
 17692
 17695
 17697
 17700
 17701
 17702
 8215
 8216
 8217
 8218
 8219
 8220
 8221
 8222
 8224
 8227
 8234
 8240
 4674
 4675
 4677
 4690
 4691
 4695
 4705
 15632
 15642
 2987
 2295
 2296
 2299
 2302
 2309
 2311
 2315
 2322
 3216
 3220
 3221
 3226
 3227
 8924
 8927
 8930
 8937
 8938
 8939
 2170
 2171
 2172
 2174
 2175
 2181
 2183
 2187
 2188
 2195
 9611
 9620
 1346
 1352
 1359
 1361
 1363
 1367
 1368
 1369
 8067
 1159
 1164
 1165
 7553
 7557
 7559
 7563
 9365
 16957
 16968
 17160
 17174
 17175
 17180
 17182
 17184
 17185
 4843
 4847
 4850
 4851
 4852
 4856
 4858
 2882
 2892
 2902
 2909
 16788
 16789
 16794
 16795
 16801
 16802
 17301
 937
 945
 947
 950
 959
 14569
 14571
 14585
 14586
 14587
 14588
 14597
 14600
 14821
 14825
 14830
 14833
 14837
 14838
 14840
 14842
 14296
 14302
 14306
 14310
 14311
 14312
 14314
 14317
 14318
 14321
 17193
 7361
 7363
 5472
 5473
 5481
 5487
 5488
 5490
 5491
 5492
 5053
 5057
 5058
 5060
 5061
 5062
 5066
 5071
 19344
 19345
 19346
 19347
 19348
 19349
 19350
 19351
 19352
 19353
 19354
 19355
 19356
 19357
 19358
 19359
 19360
 19361
 19362
 19363
 19364
 19365
 19366
 19367
 19368
 19369
 19370
 19371
 19372
 19373
 19374
 19375
 15402
 15403
 15011
 15018
 15021
 15022
 15023
 15024
 7452
 7453
 2267
 2268
 2269
 2277
 15219
 15225
 15226
 15235
 12631
 12632
 12633
 12634
 12635
 12636
 12637
 12638
 12639
 12640
 12641
 12642
 12643
 12644
 12645
 12646
 12647
 12648
 12649
 12650
 12651
 12652
 12653
 12654
 12655
 12656
 12657
 12658
 12659
 12660
 12661
 12662
 14999
 15002
 15003
 15005
 5882
 5883
 5892
 5901
 9109
 9110
 9140
 8919
 8921
 8926
 8932
 8942
 8946
 9149
 9164
 13589
 13590
 13591
 13592
 13593
 13594
 13595
 13596
 13598
 13600
 13601
 13603
 13605
 4998
 5003
 5009
 5010
 5013
 5015
 5017
 5018
 5910
 5922
 5923
 5924
 5925
 7984
 6413
 3528
 3529
 3530
 3533
 3540
 3544
 3545
 3546
 15158
 15168
 3081
 3085
 3091
 17360
 17361
 17368
 17369
 17376
 17379
 6020
 6025
 6029
 6033
 16294
 16302
 16304
 18448
 18449
 18450
 18451
 18453
 18457
 9815
 9822
 9830
 9831
 9832
 9833
 9834
 9835
 9836
 9837
 4975
 4990
 4992
 4995
 10972
 10987
 10992
 8055
 16183
 16184
 16197
 16203
 16205
 16211
 14858
 14860
 4733
 4745
 4753
 4754
 4756
 4757
 4758
 4761
 4762
 4764
 13811
 13817
 13823
 13824
 9230
 9232
 9233
 9234
 9246
 8665
 6597
 6603
 6606
 6611
 6613
 6618
 2550
 2551
 2552
 2556
 2558
 2559
 2560
 2562
 2563
 2564
 2565
 2346
 2350
 2352
 2360
 2363
 15083
 15084
 15089
 15090
 15093
 10335
 10336
 10337
 10338
 10339
 10340
 10341
 10342
 10343
 10344
 10345
 10346
 10347
 10348
 10349
 10350
 10351
 10352
 10353
 10354
 10355
 10356
 10357
 10358
 10359
 10360
 10361
 10362
 10363
 10364
 10365
 10366
 16780
 16787
 16792
 16793
 14918
 14919
 14920
 14923
 14932
 14933
 14935
 15963
 15967
 15969
 15971
 15973
 15977
 15981
 15984
 15985
 15986
 11031
 11032
 11036
 11039
 6949
 13170
 13176
 13183
 13184
 13185
 2199
 2203
 2206
 1686
 1687
 1702
 1705
 1706
 1707
 1708
 1710
 1712
 7014
 16065
 16067
 16069
 16070
 16071
 16072
 16073
 16075
 16079
 16080
 16081
 16082
 16084
 16085
 16086
 16096
 19376
 19377
 19378
 19379
 19380
 19381
 19382
 19383
 19384
 19385
 19386
 19387
 19388
 19389
 19390
 19391
 19392
 19393
 19394
 19395
 19396
 19397
 19398
 19399
 19400
 19401
 19402
 19403
 19404
 19405
 19406
 19407
 9543
 9544
 13924
 13927
 13929
 13940
 13945
 13949
 13950
 13952
 3576
 3577
 1071
 1075
 1078
 1080
 1082
 1085
 13801
 1644
 1645
 1646
 1652
 1654
 1657
 16455
 16456
 18488
 18492
 18496
 18497
 18499
 18502
 18504
 18505
 18514
 18515
 17460
 17466
 17473
 17475
 17488
 7035
 7044
 11194
 10923
 10928
 10929
 10933
 10934
 10944
 7658
 7660
 7877
 7881
 7888
 1196
 1199
 6207
 6223
 6555
 18528
 18529
 18533
 18535
 18537
 18538
 18540
 18542
 6786
 6801
 1383
 1387
 1389
 1390
 9518
 9520
 12403
 12409
 12417
 12422
 7498
 5556
 5563
 5564
 5565
 5574
 5726
 13860
 13861
 13863
 13864
 13872
 13876
 13877
 13880
 13881
 13882
 13883
 13884
 13887
 13889
 13890
 6153
 4869
 4870
 4874
 4877
 4881
 4882
 4883
 4885
 4887
 4890
 4892
 4893
 4894
 4898
 1663
 1664
 1673
 1676
 1678
 1684
 3509
 3511
 18545
 18547
 18550
 18551
 18555
 18562
 18566
 18567
 15909
 15914
 15915
 15916
 15922
 15924
 15925
 15926
 15927
 15929
 15930
 15931
 15932
 15933
 16535
 16541
 16542
 16543
 16550
 16561
 8452
 8461
 9477
 9488
 9489
 9493
 3700
 3707
 3710
 15102
 15104
 15112
 15126
 11157
 11158
 11168
 11169
 11173
 11179
 14165
 14168
 14171
 14172
 14174
 14175
 14187
 14188
 14267
 14268
 14275
 14288
 14289
 14290
 19408
 19409
 19410
 19411
 19412
 19413
 19414
 19415
 19416
 19417
 19418
 19419
 19420
 19421
 19422
 19423
 19424
 19425
 19426
 19427
 19428
 19429
 19430
 19431
 19432
 19433
 19434
 19435
 19436
 19437
 19438
 19439
 2604
 2605
 2611
 15438
 15441
 15443
 15448
 8598
 8602
 8607
 8610
 8611
 8616
 10699
 10700
 10701
 10702
 10703
 10704
 10705
 10706
 10707
 10708
 10709
 10710
 10711
 10712
 10713
 10714
 10715
 10716
 10717
 10718
 10719
 10720
 10721
 10722
 10723
 10724
 10725
 10726
 10727
 10728
 10729
 10730
 1726
 1728
 1731
 1738
 1741
 16249
 16256
 16263
 16264
 16266
 18652
 18654
 18657
 18659
 18661
 18663
 18666
 18667
 18668
 18671
 15534
 15535
 15538
 15539
 15548
 15551
 15552
 15555
 15556
 15557
 15560
 15561
 15562
 14232
 14246
 14256
 14257
 14258
 4793
 4800
 4802
 4805
 4808
 4811
 2971
 2983
 2992
 17525
 17532
 17533
 17534
 17535
 17537
 17538
 17539
 17540
 17541
 17544
 17545
 17547
 17549
 17550
 11300
 11301
 11303
 11305
 11306
 11307
 11308
 11309
 11310
 11311
 11312
 11313
 11314
 11315
 4945
 4955
 4957
 4958
 4961
 7163
 7172
 7178
 7181
 10949
 10950
 10955
 10958
 9199
 13284
 13293
 13298
 18571
 18575
 18576
 18578
 18586
 2279
 2282
 2286
 2287
 2288
 2291
 2292
 5791
 17982
 17987
 17988
 17989
 17991
 17994
 17995
 17998
 6631
 6632
 6633
 6634
 6635
 6636
 6637
 6638
 6645
 6647
 6651
 6652
 6653
 6654
 6655
 6656
 6657
 12400
 12410
 12412
 12419
 12421
 12423
 3636
 3637
 3643
 3648
 3651
 15885
 15887
 15888
 15889
 15890
 15891
 15892
 15893
 15894
 15895
 15896
 15898
 15388
 15390
 15397
 6313
 6317
 15687
 15696
 15703
 15706
 15718
 16310
 16313
 16314
 16326
 8625
 8636
 8637
 8638
 2651
 2652
 2653
 2654
 2657
 16563
 16564
 16575
 16578
 16583
 16584
 1000
 7593
 7599
 13692
 13693
 13704
 13705
 13706
 13707
 13709
 13710
 13711
 13712
 13713
 13714
 13718
 13720
 4901
 4904
 4906
 4907
 4914
 18591
 18592
 18595
 18596
 18602
 18603
 18604
 18605
 18606
 15568
 15570
 8413
 8423
 17851
 17858
 17943
 17945
 17948
 17949
 17950
 17951
 17955
 17960
 15805
 15810
 15817
 15820
 15829
 15831
 15832
 15835
 8405
 5501
 5502
 5511
 5512
 5513
 5516
 6976
 18619
 18620
 18622
 18623
 18629
 18631
 18632
 18640
 18644
 18645
 18646
 18647
 4818
 4819
 4821
 4824
 14808
 14810
 14813
 14815
 14816
 14818
 14819
 14820
 14826
 12151
 12152
 12153
 12154
 12155
 12156
 12157
 12158
 12159
 12160
 12161
 12162
 12163
 12164
 12165
 12166
 12167
 12168
 12169
 12170
 12171
 12172
 12173
 12174
 12175
 12176
 12177
 12178
 12179
 12180
 12181
 12182
 19440
 19441
 19442
 19443
 19444
 19445
 19446
 19447
 19448
 19449
 19450
 19451
 19452
 19453
 19454
 19455
 19456
 19457
 19458
 19459
 19460
 19461
 19462
 19463
 19464
 19465
 19466
 19467
 19468
 19469
 19470
 19471
 1451
 1454
 1455
 1456
 1458
 1463
 1464
 1465
 1466
 1467
 1468
 1469
 9387
 9396
 9401
 15124
 15128
 15139
 15140
 6266
 6267
 7756
 7766
 7769
 13615
 13616
 13617
 13625
 13629
 13630
 13632
 13640
 18177
 18178
 18182
 18192
 18195
 18197
 18202
 15594
 14836
 14841
 14844
 14846
 14856
 7824
 7833
 18002
 18004
 18005
 18014
 18017
 18018
 18020
 18021
 18023
 18031
 3292
 3296
 3298
 3301
 3302
 3306
 9137
 9147
 2677
 2683
 2689
 2692
 16529
 16532
 16307
 16308
 16321
 16323
 14294
 9247
 9249
 9250
 9251
 9256
 9257
 9259
 3351
 3356
 3358
 3360
 3362
 3363
 3365
 3368
 6088
 6089
 6090
 6092
 6099
 6103
 16090
 16094
 16097
 16098
 16099
 16104
 16105
 14108
 14109
 14111
 14117
 14118
 14119
 14120
 14123
 14125
 18673
 18677
 18678
 18679
 18680
 18681
 18682
 18683
 18685
 18686
 18687
 18689
 18696
 18697
 18698
 4566
 4571
 4576
 4577
 14545
 14546
 14555
 14556
 14559
 14561
 8474
 8477
 2723
 2726
 2736
 15627
 15639
 2393
 2408
 2415
 2418
 2422
 4523
 4528
 4531
 4532
 4534
 4535
 4539
 4540
 4608
 4616
 4617
 4619
 4622
 4630
 15315
 15319
 15325
 8828
 8830
 8833
 8838
 8839
 8854
 3653
 3661
 12342
 12347
 12348
 12349
 12350
 14648
 14652
 14654
 14660
 14665
 14669
 14670
 14672
 10028
 10029
 10030
 10031
 10032
 10033
 10034
 10035
 10036
 10037
 10038
 10039
 10040
 10041
 10042
 10043
 10044
 10045
 10046
 10047
 10048
 10049
 10050
 10051
 10052
 10053
 10054
 10055
 10056
 10057
 10058
 10059
 14055
 14057
 14058
 14059
 14063
 14065
 18468
 18476
 18477
 18478
 18481
 18484
 18487
 12935
 12936
 12937
 12938
 12939
 12940
 12941
 12942
 12943
 12944
 12945
 12946
 12947
 12948
 12949
 12950
 1471
 1473
 1474
 1475
 1489
 1878
 1887
 1889
 1893
 1894
 1895
 1896
 1897
 1898
 1899
 1900
 1901
 1902
 1903
 13357
 2912
 2920
 2924
 2926
 2928
 2931
 8318
 8328
 8333
 13618
 18648
 17745
 17746
 17750
 17759
 17763
 17769
 17148
 17151
 17154
 2846
 2847
 2848
 2862
 3463
 3464
 3465
 3470
 3471
 3474
 3479
 3482
 3485
 3118
 19472
 19473
 19474
 19475
 19476
 19477
 19478
 19479
 19480
 19481
 19482
 19483
 19484
 19485
 19486
 19487
 19488
 19489
 19490
 19491
 19492
 19493
 19494
 19495
 19496
 19497
 19498
 19499
 19500
 19501
 19502
 19503
 5846
 3391
 3394
 3402
 3403
 3404
 6045
 6050
 6051
 6053
 6055
 6057
 6061
 17698
 17706
 17707
 17710
 7334
 15051
 15053
 15057
 15058
 15062
 15063
 15064
 15065
 15069
 15072
 15073
 8804
 13212
 13214
 13215
 13227
 13230
 2996
 2999
 3008
 4228063
 16222
 16233
 16236
 16237
 2737
 2745
 2746
 2750
 2752
 17341
 17351
 17353
 17355
 17356
 17358
 13270
 13274
 15170
 15173
 15174
 15177
 15183
 15188
 15189
 15190
 3148
 3149
 3151
 3152
 3153
 3155
 3157
 3158
 3159
 3162
 3164
 3165
 3166
 3170
 17650
 17660
 17672
 17673
 3719
 3722
 3723
 3725
 3726
 3728
 3729
 3733
 3734
 1709
 1121
 1130
 4766
 4770
 4776
 4777
 941
 1750
 1754
 1756
 1760
 1762
 1763
 2424
 2427
 2432
 4729
 4735
 1832
 1834
 1835
 1836
 1837
 1838
 1841
 1844
 1845
 1851
 1858
 1126
 1140
 3451
 3452
 3486
 3487
 3491
 3494
 3497
 1039
 1040
 1041
 1043
 1044
 1045
 1046
 1047
 1048
 1049
 1050
 1051
 1052
 1053
 1054
 1063
 1635
 1639
 1643
 1651
 1653
 3605
 3609
 3611
 3618
 3638
 3639
 1606
 1614
 1618
 1619
 10314
 10315
 10316
 10317
 10330
 10331
 10332
 10333
 10334
 15328
 5025
 5037
 5038
 5041
 5042
 5049
 3429
 11127
 11132
 11136
 11139
 2129
 2139
 2150
 2151
 2899
 2901
 2906
 4928
 4933
 4935
 4938
 4941
 4942
 11214
 11222
 11234
 8874
 8879
 8881
 8888
 8541
 8542
 8555
 8557
 3088
 3100
 7258
 7259
 7260
 7274
 6739
 6750
 6752
 6754
 6755
 6756
 6761
 7882
 5403
 5404
 5410
 5414
 5415
 5416
 5417
 5418
 5419
 5420
 5424
 5425
 5427
 5429
 5431
 5432
 13715
 13716
 13722
 13726
 13727
 13729
 2885
 2888
 15942
 15944
 15952
 15954
 15955
 15958
 19504
 19505
 19506
 19507
 19508
 19509
 19510
 19511
 19512
 19513
 19514
 19515
 19516
 19517
 19518
 19519
 19520
 19521
 19522
 19523
 19524
 19525
 19526
 19527
 19528
 19529
 19530
 19531
 19532
 19533
 19534
 19535
 16634
 16635
 16643
 16644
 17542
 17543
 17553
 17558
 17563
 17566
 17569
 7815
 7829
 1798
 1812
 1816
 1822
 1827
 7960
 7965
 7969
 7975
 12429
 12435
 12441
 16592
 16600
 16613
 15836
 15837
 15838
 15839
 15840
 15841
 15842
 15846
 15847
 15848
 15850
 15851
 15853
 15854
 15856
 15866
 5660
 5664
 6510
 6516
 9658
 18730
 18732
 18733
 18734
 18735
 18738
 18739
 18741
 18744
 4581
 4582
 4586
 5008
 14751
 14761
 14762
 14763
 14764
 14765
 14766
 14767
 14774
 14777
 14778
 8703
 5855
 5858
 5863
 5864
 5865
 5866
 5868
 1375
 9566
 9568
 9573
 7243
 7245
 18313
 18321
 18322
 18325
 18326
 18330
 18337
 16339
 16340
 16341
 16343
 16344
 16346
 16347
 16348
 16350
 16351
 16355
 16356
 16357
 5772
 18287
 18288
 18289
 18297
 18300
 17489
 17492
 17493
 17494
 17495
 17503
 17505
 17506
 17507
 17508
 15726
 15727
 15728
 15731
 15735
 15741
 18342
 18346
 18347
 18349
 18350
 18351
 17511
 17512
 17523
 1216
 1222
 1227
 1233
 1234
 1235
 1236
 1237
 6006
 6013
 3364
 3370
 3372
 3382
 3383
 3384
 3385
 16943
 16949
 14384
 14385
 14391
 14393
 6399
 6401
 13167
 6132
 6148
 6159
 9265
 9275
 9280
 6481
 6486
 14734
 14735
 14736
 14737
 14739
 14740
 14741
 14745
 2156
 2158
 2159
 2160
 2162
 2163
 2167
 6807
 6808
 6810
 6815
 83
 84
 85
 86
 87
 88
 89
 90
 92
 94
 95
 96
 97
 98
 99
 102
 103
 104
 105
 106
 107
 108
 109
 110
 111
 112
 113
 114
 293
 294
 295
 296
 297
 298
 299
 300
 301
 302
 303
 304
 305
 306
 308
 310
 311
 312
 313
 314
 315
 317
 318
 319
 320
 321
 322
 323
 268
 271
 274
 275
 276
 277
 278
 279
 280
 281
 283
 284
 286
 96
 97
 98
 99
 100
 101
 102
 103
 104
 105
 106
 107
 108
 109
 110
 111
 112
 113
 114
 115
 116
 117
 118
 119
 120
 121
 122
 123
 124
 396
 397
 398
 399
 400
 401
 402
 403
 404
 405
 406
 407
 408
 409
 410
 411
 412
 413
 414
 415
 416
 5243099
 5243072
 5243073
 5243074
 5243075
 5243076
 5243077
 5243078
 5243079
 5243080
 5243081
 5243082
 5243083
 5243084
 5243085
 5243086
 5243087
 5243088
 5243089
 5243090
 5243091
 5243092
 5243093
 5243094
 5243095
 5243096
 5243097
 5243098
 5243100
 5243101
 5243102
 5243103
 5243104
 5252283
 5252284
 5251281
 248
 249
 250
 251
 252
 253
 254
 255
 260
 261
 263
 264
 265
 266
 267
 233
 234
 235
 236
 237
 238
 239
 240
 241
 242
 243
 244
 245
 246
 248
 249
 250
 251
 252
 254
 255
 256
 258
 259
 260
 261
 262
 263
 135
 136
 137
 138
 142
 145
 146
 147
 148
 149
 150
 152
 153
 154
 155
 156
 157
 5243080
 5243095
 5242929
 5242929
 4228066
 4228067
 4228072
 229
 230
 231
 232
 233
 235
 236
 237
 238
 239
 241
 242
 244
 245
 246
 247
 334
 335
 336
 337
 338
 339
 340
 341
 343
 344
 345
 346
 348
 349
 351
 352
 353
 354
 355
 356
 357
 358
 359
 360
 361
 362
 363
 364
 5242896
 5243036
 5243008
 5243009
 5243010
 5243011
 5243012
 5243013
 5243014
 5243015
 5243016
 5243017
 5243018
 5243019
 5243020
 5243021
 5243022
 5243023
 5243024
 5243025
 5243026
 5243027
 5243028
 5243029
 5243030
 5243032
 5243033
 5243034
 5243035
 5243037
 5243038
 5243039
 5243040
 149
 150
 151
 152
 153
 154
 155
 156
 157
 158
 159
 160
 161
 162
 163
 164
 165
 166
 167
 168
 169
 170
 171
 172
 173
 174
 175
 176
 177
 178
 179
 180
 5242896
 5242896
 5243021
 5243038
 5242882
 4228073
 4228081
 22990397080
 195
 198
 199
 200
 201
 202
 203
 206
 207
 208
 209
 210
 211
 212
 213
 214
 416
 417
 6815744
 22990397088
 6824740
 420
 421
 6815746
 1
 2
 3
 4
 5
 6
 7
 8
 9
 10
 11
 12
 13
 14
 422
 423
 6815747
 424
 425
 6815748
 426
 427
 6815749
 428
 429
 6815750
 1
 2
 3
 4
 5
 6
 7
 8
 9
 10
 11
 12
 13
 14
 15
 16
 17
 18
 19
 20
 21
 22
 23
 24
 25
 26
 27
 28
 29
 30
 31
 895
 896
 897
 898
 899
 900
 901
 902
 903
 904
 905
 906
 907
 908
 909
 910
 911
 912
 913
 914
 915
 916
 917
 918
 919
 920
 921
 922
 923
 924
 925
 926
 32
 33
 34
 35
 36
 37
 38
 39
 40
 41
 42
 43
 44
 45
 46
 47
 48
 49
 50
 51
 52
 53
 54
 55
 56
 57
 58
 59
 60
 61
 62
 63
 64
 65
 66
 67
 68
 69
 70
 71
 72
 73
 74
 75
 76
 77
 78
 79
 80
 81
 82
 83
 84
 85
 86
 87
 88
 89
 90
 91
 92
 93
 94
 95
 96
 97
 98
 99
 100
 101
 102
 103
 104
 105
 106
 107
 108
 109
 110
 111
 112
 113
 114
 115
 116
 117
 118
 119
 120
 121
 122
 123
 124
 125
 126
 127
 128
 129
 130
 131
 132
 133
 134
 135
 136
 137
 138
 139
 140
 141
 142
 143
 144
 145
 146
 147
 148
 149
 150
 151
 152
 153
 154
 155
 156
 157
 158
 159
 160
 161
 162
 163
 164
 165
 166
 167
 168
 169
 170
 171
 172
 173
 174
 175
 176
 177
 178
 179
 180
 181
 182
 183
 184
 185
 186
 187
 188
 189
 190
 191
 192
 193
 194
 195
 196
 197
 198
 199
 200
 201
 202
 203
 204
 205
 206
 207
 208
 209
 210
 211
 212
 213
 214
 215
 216
 217
 218
 219
 220
 221
 222
 223
 224
 225
 226
 227
 228
 229
 230
 231
 232
 233
 234
 235
 236
 237
 238
 239
 240
 241
 242
 243
 244
 245
 246
 247
 248
 249
 250
 251
 252
 253
 254
 255
 256
 257
 258
 259
 260
 261
 262
 263
 264
 265
 266
 267
 268
 269
 270
 271
 272
 273
 274
 275
 276
 277
 278
 279
 280
 281
 282
 283
 284
 285
 286
 287
 288
 289
 290
 291
 292
 293
 294
 295
 296
 297
 298
 299
 300
 301
 302
 303
 304
 305
 306
 307
 308
 309
 310
 311
 312
 313
 314
 315
 316
 317
 318
 319
 320
 321
 322
 323
 324
 325
 326
 327
 328
 329
 330
 331
 332
 333
 334
 335
 336
 337
 338
 339
 340
 341
 342
 343
 344
 345
 346
 347
 348
 349
 350
 351
 352
 353
 354
 355
 356
 357
 358
 359
 360
 361
 362
 363
 364
 365
 366
 367
 368
 369
 370
 371
 372
 373
 374
 375
 376
 377
 378
 379
 380
 381
 382
 383
 384
 385
 386
 387
 388
 389
 390
 391
 392
 393
 394
 395
 396
 397
 398
 399
 400
 401
 402
 403
 404
 405
 406
 407
 408
 409
 410
 411
 412
 413
 414
 415
 416
 417
 418
 419
 420
 421
 422
 423
 424
 425
 426
 427
 428
 429
 430
 431
 432
 433
 434
 435
 436
 437
 438
 439
 440
 441
 442
 443
 444
 445
 446
 447
 448
 449
 450
 451
 452
 453
 454
 455
 456
 457
 458
 459
 460
 461
 462
 463
 464
 465
 466
 467
 468
 469
 470
 471
 472
 473
 474
 475
 476
 477
 478
 479
 480
 481
 482
 483
 484
 485
 486
 487
 488
 489
 490
 491
 492
 493
 494
 495
 496
 497
 498
 499
 500
 501
 502
 503
 504
 505
 506
 507
 508
 509
 510
 511
 512
 513
 514
 515
 516
 517
 518
 519
 520
 521
 522
 523
 524
 525
 526
 527
 528
 529
 530
 531
 532
 533
 534
 535
 536
 537
 538
 539
 540
 541
 542
 543
 544
 545
 546
 547
 548
 549
 550
 551
 552
 553
 554
 555
 556
 557
 558
 559
 560
 561
 562
 563
 564
 565
 566
 567
 568
 569
 570
 571
 572
 573
 574
 575
 576
 577
 578
 579
 580
 581
 582
 583
 584
 585
 586
 587
 588
 589
 590
 591
 592
 593
 594
 595
 596
 597
 598
 599
 600
 601
 602
 603
 604
 605
 606
 607
 608
 609
 610
 611
 612
 613
 614
 615
 616
 617
 618
 619
 620
 621
 622
 623
 624
 625
 626
 627
 628
 629
 630
 631
 632
 633
 634
 635
 636
 637
 638
 639
 640
 641
 642
 643
 644
 645
 646
 647
 648
 649
 650
 651
 652
 653
 654
 655
 656
 657
 658
 659
 660
 661
 662
 663
 664
 665
 666
 667
 668
 669
 670
 671
 672
 673
 674
 675
 676
 677
 678
 679
 680
 681
 682
 683
 684
 685
 686
 687
 688
 689
 690
 691
 692
 693
 694
 695
 696
 697
 698
 699
 700
 701
 702
 703
 704
 705
 706
 707
 708
 709
 710
 711
 712
 713
 714
 715
 716
 717
 718
 719
 720
 721
 722
 723
 724
 725
 726
 727
 728
 729
 730
 731
 732
 733
 734
 735
 736
 737
 738
 739
 740
 741
 742
 743
 744
 745
 746
 747
 748
 749
 750
 751
 752
 753
 754
 755
 756
 757
 758
 759
 760
 761
 762
 763
 764
 765
 766
 767
 768
 769
 770
 771
 772
 773
 774
 775
 776
 777
 778
 779
 780
 781
 782
 783
 784
 785
 786
 787
 788
 789
 790
 791
 792
 793
 794
 795
 796
 797
 798
 799
 800
 801
 802
 803
 804
 805
 806
 807
 808
 809
 810
 811
 812
 813
 814
 815
 816
 817
 818
 819
 820
 821
 822
 823
 824
 825
 826
 827
 828
 829
 830
 831
 832
 833
 834
 835
 836
 837
 838
 839
 840
 841
 842
 843
 844
 845
 846
 847
 848
 849
 850
 851
 852
 853
 854
 855
 856
 857
 858
 859
 860
 861
 862
 863
 864
 865
 866
 867
 868
 869
 870
 871
 872
 873
 874
 875
 876
 877
 878
 879
 880
 881
 882
 883
 884
 885
 886
 887
 888
 889
 890
 891
 892
 893
 894
 927
 184
 185
 186
 187
 188
 189
 190
 191
 192
 196
 200
 201
 202
 203
 204
 205
 206
 207
 208
 210
 211
 212
 213
 214
 215
 3
 4
 5
 6
 7
 8
 9
 10
 11
 12
 13
 14
 15
 16
 17
 18
 19
 21
 22
 23
 24
 25
 26
 27
 28
 29
 30
 31
 32
 33
 34
 5251286
 30
 32
 33
 34
 35
 36
 37
 38
 39
 40
 41
 42
 43
 44
 45
 46
 47
 48
 49
 50
 51
 52
 53
 54
 55
 56
 5254466
 5251137
 76
 81
 82
 83
 84
 85
 86
 87
 88
 89
 90
 91
 92
 93
 94
 95
 5278623
 1
 2
 3
 217
 218
 219
 220
 221
 222
 223
 224
 225
 226
 227
 228
 5277015
 1
 2
 3
 5276093
 1
 2
 3
 5276077
 1
 2
 3
 5276560
 1
 2
 3
 5276092
 1
 2
 3
 5276068
 1
 2
 3
 5242918
 5242912
 5242913
 5242914
 5242915
 5242916
 5242917
 5242920
 5242921
 5242922
 5242923
 5242924
 5242925
 5242926
 5242927
 5242928
 5242933
 5242934
 5242935
 5242936
 5242938
 5242939
 5242941
 5242942
 5242943
 5242944
 5275797
 1
 2
 3
 5278602
 1
 2
 3
 5242962
 5242945
 5242946
 5242947
 5242948
 5242949
 5242950
 5242951
 5242952
 5242953
 5242954
 5242955
 5242956
 5242957
 5242958
 5242959
 5242960
 5242961
 5242963
 5242964
 5242965
 5242966
 5242967
 5242968
 5242969
 5242970
 5242971
 5242972
 5242973
 5242974
 5242975
 5242976
 5276070
 1
 2
 3
 5243042
 5243041
 5243043
 5243044
 5243045
 5243046
 5243047
 5243048
 5243049
 5243050
 5243051
 5243053
 5243054
 5243055
 5243056
 5243057
 5243058
 5243059
 5243060
 5243061
 5243062
 5243063
 5243064
 5243065
 5243066
 5243067
 5243068
 5243069
 5243070
 5243071
 5276050
 1
 2
 3
 5243143
 5243136
 5243137
 5243138
 5243139
 5243140
 5243141
 5243142
 5243144
 5243145
 5243146
 5243147
 5243149
 5243150
 5243151
 5243152
 5243153
 5243154
 5243155
 5243156
 5243157
 5243158
 5243159
 5243160
 5243161
 5243162
 5243163
 5243164
 5243165
 5243166
 5243167
 5243168
 5277808
 1
 2
 3
 5276063
 1
 2
 3
 5275666
 1
 2
 3
 5278612
 1
 2
 3
 5276293
 1
 2
 3
 5242984
 5242977
 5242978
 5242979
 5242980
 5242981
 5242982
 5242983
 5242985
 5242986
 5242987
 5242988
 5242989
 5242990
 5242991
 5242992
 5242993
 5242994
 5242995
 5242996
 5242997
 5242998
 5242999
 5243000
 5243001
 5243002
 5243003
 5243004
 5243005
 5243006
 5243007
 5277104
 1
 2
 3
 5277784
 1
 2
 3
 5276094
 1
 2
 3
 5276562
 1
 2
 3
 5278600
 1
 2
 3
 5276069
 1
 2
 3
 5276936
 1
 2
 3
 5277016
 1
 2
 3
 5276082
 1
 2
 3
 5276081
 1
 2
 3
 5276078
 1
 2
 3
 5276080
 1
 2
 3
 5276163
 1
 2
 3
 5276033
 1
 2
 3
 5276295
 1
 2
 3
 5276044
 1
 2
 3
 5276119
 1
 2
 3
 5254463
 5276565
 1
 2
 3
 5276074
 1
 2
 3
 5276120
 1
 2
 3
 5276937
 1
 2
 3
 5242915
 5242936
 5242957
 5242973
 5243047
 5243063
 5243136
 5243153
 5243168
 5242936
 5242936
 5242980
 5242996
 5242936
 5242936
 5276047
 1
 2
 3
 5276071
 1
 2
 3
 5279639
 1
 2
 3
 5278619
 1
 2
 3
 5276693
 1
 2
 3
 5277014
 4228082
 1
 2
 3
 4228088
 5276586
 1
 2
 3
 5276083
 1
 2
 3
 5276585
 1
 2
 3
 5276109
 1
 2
 3
 5276411
 1
 2
 3
 5276108
 1
 2
 3
 5275651
 1
 2
 3
 5276091
 1
 2
 3
 5277782
 1
 2
 3
 5276105
 1
 2
 3
 5276088
 1
 2
 3
 5276010
 1
 2
 3
 1572876
 120
 121
 1572874
 116
 117
 1572865
 98
 99
 5242883
 326
 327
 5242881
 322
 323
 6815756
 440
 441
 6815755
 438
 439
 1048580
 72
 73
 1048576
 64
 65
 928
 929
 930
 931
 932
 933
 934
 935
 936
 937
 938
 939
 940
 941
 942
 943
 944
 945
 946
 947
 948
 949
 950
 951
 952
 953
 954
 955
 956
 957
 958
 959
 960
 961
 962
 963
 964
 965
 966
 967
 968
 969
 970
 971
 972
 973
 974
 975
 976
 977
 978
 979
 980
 981
 982
 983
 984
 985
 986
 987
 988
 989
 990
 991
 6824326
 6816181
 6816160
 6816161
 6816162
 6816163
 6816164
 6816165
 6816166
 6816167
 6816168
 6816169
 6816170
 6816171
 6816172
 6816173
 6816174
 6816175
 6816176
 6816177
 6816178
 6816179
 6816180
 6816182
 6816183
 6816184
 6816185
 6816186
 6816187
 6816188
 6816189
 6816190
 6816191
 6816192
 302
 303
 304
 305
 306
 307
 308
 309
 310
 311
 312
 313
 314
 315
 316
 317
 318
 319
 320
 321
 322
 323
 324
 325
 326
 327
 328
 329
 330
 331
 332
 333
 265
 266
 267
 268
 269
 270
 271
 272
 273
 274
 275
 276
 280
 284
 285
 286
 287
 288
 289
 290
 291
 292
 293
 294
 295
 296
 297
 298
 299
 300
 301
 992
 993
 994
 995
 996
 997
 998
 999
 1000
 1001
 1002
 1003
 1004
 1005
 1006
 1007
 1008
 1009
 1010
 1011
 1012
 1013
 1014
 1015
 1016
 1017
 1018
 1019
 1020
 1021
 1022
 1023
 34162009032
 22990397081
 35
 36
 37
 38
 39
 40
 41
 42
 43
 44
 1
 2
 3
 4
 5
 6
 7
 8
 9
 10
 11
 12
 13
 14
 15
 16
 17
 18
 19
 20
 21
 22
 23
 24
 25
 26
 27
 28
 29
 30
 31
 1
 2
 3
 4
 5
 6
 7
 8
 1
 2
 3
 4
 5
 6
 7
 8
 9
 10
 11
 12
 13
 14
 15
 16
 17
 18
 19
 20
 21
 22
 6
 7
 8
 9
 10
 11
 12
 13
 14
 15
 16
 17
 18
 19
 20
 21
 22
 23
 24
 25
 26
 27
 28
 29
 1
 2
 3
 4
 5
 6
 7
 8
 9
 10
 11
 12
 13
 14
 15
 16
 17
 18
 19
 20
 21
 22
 23
 24
 25
 26
 27
 28
 29
 30
 31
 1
 2
 3
 4
 1
 2
 3
 4
 5
 6
 7
 8
 9
 10
 1
 2
 3
 4
 5
 6
 7
 8
 9
 10
 11
 12
 13
 14
 15
 16
 17
 18
 19
 20
 21
 22
 23
 24
 25
 26
 27
 28
 29
 30
 31
 1
 2
 3
 4
 5
 6
 7
 8
 9
 10
 11
 12
 13
 14
 15
 16
 17
 18
 19
 20
 21
 22
 23
 24
 25
 26
 27
 1
 2
 3
 4
 5
 6
 7
 8
 9
 10
 11
 12
 13
 14
 15
 16
 17
 18
 19
 20
 21
 22
 23
 24
 25
 26
 27
 28
 29
 30
 31
 1
 2
 3
 4
 5
 6
 7
 8
 9
 10
 11
 12
 13
 14
 15
 16
 17
 18
 19
 1
 2
 3
 4
 5
 6
 7
 8
 9
 10
 11
 12
 13
 14
 15
 16
 17
 18
 19
 20
 21
 22
 23
 24
 25
 26
 27
 28
 29
 30
 31
 1
 2
 3
 4
 1
 2
 3
 4
 5
 6
 7
 8
 9
 10
 11
 12
 13
 14
 15
 16
 17
 18
 19
 20
 1
 2
 3
 4
 5
 6
 7
 8
 9
 10
 11
 12
 13
 14
 15
 16
 17
 18
 19
 20
 21
 22
 23
 24
 25
 26
 27
 28
 29
 30
 31
 1
 2
 3
 4
 5
 6
 7
 8
 9
 10
 11
 12
 13
 14
 15
 16
 17
 18
 19
 20
 21
 22
 23
 24
 25
 26
 27
 28
 29
 30
 31
 1
 2
 1
 2
 3
 4
 1
 2
 3
 4
 5
 6
 7
 8
 9
 10
 11
 12
 13
 14
 15
 16
 17
 18
 19
 20
 21
 22
 23
 24
 25
 26
 27
 28
 29
 30
 31
 1
 2
 3
 4
 5
 6
 7
 8
 9
 10
 11
 12
 13
 14
 15
 16
 17
 18
 19
 20
 21
 22
 23
 1024
 1
 2
 3
 1025
 1026
 1027
 1028
 1029
 1030
 1031
 1032
 1033
 1034
 1035
 1036
 1037
 1038
 1039
 1040
 1041
 1042
 1043
 1044
 1045
 1046
 1047
 1048
 1049
 1050
 1051
 1052
 1053
 1054
 1055
 6816167
 6816183
 4
 5
 6
 7
 8
 9
 10
 11
 12
 13
 11
 10
 1
 12
 13
 19
 20
 21
 22
 23
 24
 25
 26
 27
 28
 29
 30
 31
 1
 2
 3
 4
 5
 6817044
 6817024
 6817025
 6817026
 6817027
 6817028
 6817029
 6817030
 6817031
 6817032
 6817033
 6817034
 6817035
 6817036
 6817037
 6817038
 6817039
 6817040
 6817041
 6817042
 6817043
 6817045
 6817046
 6817047
 6817048
 6817049
 6817050
 6817051
 6817052
 6817053
 6817054
 6817055
 6817056
 22990397082
 6816239
 6816224
 6816225
 6816226
 6816227
 6816228
 6816229
 6816230
 6816231
 6816232
 6816233
 6816234
 6816235
 6816236
 6816237
 6816238
 6816240
 6816241
 6816242
 6816243
 6816244
 6816245
 6816246
 6816247
 6816248
 6816249
 6816250
 6816251
 6816252
 6816253
 6816254
 6816255
 6816256
 6816677
 6816672
 6816673
 6816674
 6816675
 6816676
 6816678
 6816679
 6816680
 6816681
 6816682
 6816683
 6816684
 6816685
 6816686
 6816687
 6816688
 6816689
 6816690
 6816691
 6816692
 6816693
 6816694
 6816695
 6816696
 6816697
 6816698
 6816699
 6816700
 6816701
 6816702
 6816703
 6816704
 6817035
 6817051
 6816230
 6816246
 6815902
 6816677
 6816687
 6816702
 6816677
 6816643
 6816640
 6816641
 6816642
 6816644
 6816645
 6816646
 6816647
 6816648
 6816649
 6816650
 6816651
 6816652
 6816653
 6816654
 6816655
 6816656
 6816657
 6816658
 6816659
 6816660
 6816661
 6816662
 6816663
 6816664
 6816665
 6816666
 6816667
 6816668
 6816669
 6816670
 6816671
 6816733
 6816705
 6816706
 6816707
 6816708
 6816709
 6816710
 6816711
 6816712
 6816713
 6816714
 6816715
 6816716
 6816717
 6816718
 1056
 6816719
 1057
 6816720
 1058
 1059
 6816721
 1060
 6816722
 1061
 6816723
 1062
 6816724
 1063
 6816725
 1064
 6816726
 1065
 6816727
 1066
 6816728
 1067
 6816729
 1068
 1069
 6816730
 1070
 6816731
 1071
 1072
 6816732
 1073
 6816734
 1074
 1075
 1076
 6816735
 1077
 6816736
 1078
 1079
 1080
 1081
 1082
 1083
 1084
 1085
 1086
 1087
 22990397083
 6299664
 6300669
 6291762
 6291744
 6291745
 6291746
 6291747
 6291748
 6291749
 6291750
 6291751
 6291752
 6291753
 6291754
 6291755
 6291756
 6291757
 6291758
 6291759
 6291760
 6291761
 6291763
 6291764
 6291765
 6291766
 6291767
 6291768
 6291769
 6291770
 6291771
 6291772
 6291773
 6291774
 6291775
 6291776
 6816573
 6816544
 6816545
 6816546
 6816547
 6816548
 6816549
 6816550
 6816551
 6816552
 6816553
 6816554
 6816555
 6816556
 6816557
 6816558
 6816559
 6816560
 6816561
 6816562
 6816563
 6816564
 6816565
 6816566
 6816567
 6816568
 6816569
 6816570
 6816571
 6816572
 6816574
 6816575
 6816576
 6817021
 6816992
 6816993
 6816994
 6816995
 6816996
 6816997
 6816998
 6816999
 6817000
 6817001
 6817002
 6817003
 6817004
 6817005
 6817006
 6817007
 6817008
 6817009
 6817010
 6817011
 6817012
 6817013
 6817014
 6817015
 6817016
 6817017
 6817018
 6817019
 6817020
 6817022
 6817023
 22990397084
 6816757
 6816737
 6816738
 6816739
 6816740
 6816741
 6816742
 6816743
 6816744
 6816745
 6816746
 6816747
 6816748
 6816749
 6816750
 6816751
 6816752
 6816753
 6816754
 6816755
 6816756
 6816758
 6816759
 6816760
 6816761
 6816762
 6816763
 6816764
 6816765
 6816766
 6816767
 6816768
 22990397085
 1088
 1089
 1090
 1091
 1092
 1093
 1094
 1095
 1096
 1097
 1098
 1099
 1100
 1101
 1102
 1103
 6816210
 6816193
 6816194
 6816195
 6816196
 6816197
 6816198
 6816199
 6816200
 6816201
 6816202
 6816203
 6816204
 6816205
 6816206
 6816207
 6816208
 6816209
 6816211
 6816212
 6816213
 6816214
 6816215
 6816216
 6816217
 6816218
 6816219
 6816220
 6816221
 6816222
 6816223
 6816098
 6816096
 6816097
 6816099
 6816100
 6816651
 6816666
 6816711
 6816726
 6291755
 6291771
 6816550
 6816565
 6816994
 6817009
 6816748
 6816764
 6816198
 6816214
 6816100
 6816101
 6816102
 6816103
 6816104
 6816105
 6816106
 6816107
 6816108
 6816109
 6816110
 6816111
 6816112
 6816113
 6816114
 6816115
 6816116
 6816117
 6816118
 6816119
 6816120
 6816121
 6816122
 6816123
 6816124
 6816125
 6816126
 6816127
 6816128
 1104
 1105
 1106
 1107
 1108
 1109
 1110
 1111
 1112
 1113
 1114
 1115
 1116
 1117
 1118
 1119
 1120
 1121
 1122
 1123
 1124
 1125
 1126
 1127
 1128
 1129
 1130
 1131
 1132
 1133
 1134
 1135
 22990397086
 6816151
 6816129
 6816130
 6816131
 6816132
 6816133
 6816134
 6816135
 6816136
 6816137
 6816138
 6816139
 6816140
 6816141
 6816142
 6816143
 6816144
 6816145
 6816146
 6816147
 6816148
 6816149
 6816150
 6816152
 6816153
 6816154
 6816155
 6816156
 6816157
 6816158
 6816159
 1136
 1137
 1138
 1139
 1140
 1141
 1142
 1143
 1144
 1145
 1146
 1147
 1148
 1149
 1150
 1151
 1152
 1153
 1154
 1155
 1156
 1157
 1158
 1159
 1160
 1161
 1162
 1163
 1164
 1165
 1166
 1167
 6817567
 6817536
 6817537
 6817538
 6817539
 6817540
 6817541
 6817542
 6817543
 6817544
 6817545
 6817546
 6817547
 6817548
 6817549
 6817550
 6817551
 6817552
 6817553
 6817554
 6817555
 6817556
 6817557
 6817558
 6817559
 6817560
 6817561
 6817562
 6817563
 6817564
 6817565
 6817566
 6817568
 6816990
 6816960
 6816961
 6816962
 6816963
 6816964
 6816965
 6816966
 6816967
 6816968
 6816969
 6816970
 6816971
 6816972
 6816973
 6816974
 6816975
 6816976
 6816977
 6816978
 6816979
 6816980
 6816981
 6816982
 6816983
 6816984
 6816985
 6816986
 6816987
 6816988
 6816989
 6816991
 22990397087
 22990397089
 22990397090
 22990397091
 22990397098
 5251114
 5251111
 5251211
 5251212
 5251098
 5251690
 5251089
 5251133
 5251135
 1168
 1169
 1170
 1171
 1172
 1173
 1174
 1175
 1176
 1177
 1178
 1179
 1180
 1181
 1182
 1183
 1184
 1185
 1186
 1187
 1188
 1189
 1190
 1191
 1192
 1193
 1194
 1195
 1196
 1197
 1198
 1199
 215
 216
 217
 218
 219
 220
 221
 222
 223
 224
 225
 226
 227
 228
 229
 230
 231
 232
 47
 48
 49
 50
 51
 52
 53
 54
 55
 63
 64
 65
 69
 71
 72
 73
 74
 75
 76
 77
 78
 34162008067
 102
 103
 104
 105
 106
 107
 108
 109
 110
 111
 112
 113
 114
 115
 116
 117
 118
 119
 120
 121
 122
 123
 124
 125
 126
 127
 128
 129
 130
 131
 132
 133
 34162005163
 34162004613
 156
 157
 158
 159
 160
 161
 162
 163
 164
 165
 166
 167
 168
 169
 170
 171
 172
 173
 174
 175
 176
 177
 178
 179
 180
 181
 182
 183
 184
 185
 186
 187
 32
 33
 34
 35
 36
 37
 38
 39
 40
 41
 42
 43
 44
 45
 46
 47
 48
 49
 50
 51
 52
 53
 54
 55
 34162001149
 67
 68
 69
 70
 71
 72
 73
 74
 75
 76
 77
 78
 79
 80
 81
 82
 83
 84
 85
 86
 87
 88
 89
 90
 91
 92
 93
 94
 95
 96
 97
 98
 6816115
 6816138
 6816154
 6817542
 6817557
 6816990
 6816974
 6816989
 6816990
 5251114
 5251114
 128
 129
 188
 189
 190
 191
 192
 193
 194
 196
 197
 204
 378
 379
 380
 381
 382
 384
 385
 389
 392
 394
 24
 25
 26
 27
 28
 29
 30
 31
 32
 33
 34
 35
 36
 40
 41
 42
 43
 44
 45
 48
 49
 50
 51
 52
 53
 54
 55
 185
 186
 187
 189
 190
 191
 192
 193
 194
 195
 196
 197
 198
 199
 200
 201
 202
 203
 204
 205
 206
 207
 208
 209
 210
 211
 212
 213
 214
 215
 216
 131
 132
 133
 134
 135
 137
 138
 139
 140
 141
 142
 143
 144
 145
 146
 147
 150
 151
 152
 153
 154
 155
 156
 159
 160
 161
 324
 325
 326
 327
 328
 329
 330
 331
 332
 109
 110
 111
 112
 113
 114
 115
 117
 118
 119
 120
 123
 124
 125
 126
 127
 128
 129
 1200
 1201
 1202
 1203
 1204
 1205
 1206
 1207
 1208
 1209
 1210
 1211
 1212
 1213
 1214
 1215
 1216
 1217
 1218
 1219
 1220
 1221
 1222
 1223
 1224
 1225
 1226
 1227
 1228
 1229
 1230
 1231
 74
 75
 76
 77
 78
 79
 80
 81
 82
 83
 84
 85
 86
 87
 88
 89
 90
 91
 92
 93
 94
 95
 96
 97
 98
 99
 100
 101
 102
 103
 105
 56
 57
 58
 59
 60
 61
 62
 63
 64
 65
 66
 67
 68
 69
 70
 71
 72
 73
 164
 166
 167
 168
 169
 170
 171
 172
 173
 174
 175
 176
 177
 178
 179
 127
 128
 129
 130
 131
 132
 133
 134
 135
 136
 137
 138
 139
 140
 141
 142
 143
 145
 146
 147
 148
 115
 116
 117
 118
 119
 120
 121
 122
 123
 124
 125
 126
 1
 2
 3
 4
 5
 6
 7
 8
 9
 10
 11
 12
 13
 14
 15
 16
 17
 18
 19
 20
 21
 22
 23
 24
 25
 26
 27
 28
 29
 30
 22
 23
 24
 25
 26
 27
 28
 29
 30
 31
 32
 33
 34
 35
 36
 37
 38
 39
 40
 41
 42
 43
 44
 45
 46
 47
 48
 49
 50
 51
 52
 53
 1
 2
 3
 4
 5
 6
 180
 7
 8
 9
 10
 181
 11
 12
 182
 13
 183
 184
 14
 15
 16
 17
 18
 19
 20
 21
 22
 23
 24
 25
 26
 27
 28
 29
 1
 2
 3
 4
 5
 6
 7
 8
 9
 10
 11
 12
 13
 14
 15
 16
 17
 18
 19
 20
 21
 1288
 5281446
 282
 283
 35
 36
 37
 38
 39
 40
 41
 42
 43
 44
 45
 46
 47
 48
 49
 50
 51
 52
 53
 54
 55
 56
 57
 58
 59
 60
 61
 62
 63
 64
 65
 66
 1
 2
 3
 1232
 1233
 1234
 1235
 1236
 1237
 1238
 1239
 1240
 1241
 1242
 1243
 1244
 1245
 1246
 1247
 1248
 1249
 1250
 1251
 1252
 1253
 1254
 1255
 1256
 1257
 1258
 1259
 1260
 22979464156
 1261
 1262
 1263
 1
 2
 3
 4
 5
 6
 7
 8
 9
 10
 11
 12
 13
 14
 15
 16
 17
 18
 19
 20
 21
 22
 23
 24
 25
 26
 27
 28
 29
 30
 31
 1
 2
 3
 4
 5
 6
 7
 8
 9
 10
 11
 12
 13
 14
 15
 16
 17
 18
 19
 20
 21
 22
 23
 24
 25
 26
 27
 28
 29
 30
 32
 33
 34
 158
 159
 160
 161
 162
 163
 164
 165
 166
 167
 168
 169
 170
 171
 172
 173
 174
 175
 67
 68
 69
 70
 71
 72
 73
 74
 75
 76
 77
 78
 79
 80
 81
 15
 16
 17
 18
 19
 20
 21
 22
 23
 24
 25
 26
 27
 28
 29
 30
 31
 32
 33
 34
 35
 36
 37
 38
 39
 40
 41
 42
 43
 44
 45
 46
 1
 2
 3
 4
 5
 6
 7
 8
 9
 10
 11
 12
 13
 14
 1264
 1265
 1266
 1267
 1268
 1269
 1270
 1271
 1272
 1273
 1274
 1275
 1276
 1277
 1278
 1279
 1280
 1281
 1282
 1283
 1284
 1285
 1286
 1287
 1288
 1289
 1290
 1291
 1292
 1293
 1294
 1295
 1296
 1297
 1298
 1299
 1300
 1301
 1302
 1303
 1304
 1305
 1306
 1307
 1308
 1309
 1310
 1311
 1312
 1313
 1314
 1315
 1316
 1317
 1318
 1319
 1320
 1321
 1322
 1323
 1324
 1325
 1326
 1327
 1328
 1329
 1330
 1331
 1332
 1333
 1334
 1335
 1336
 1337
 1338
 1339
 1340
 1341
 1342
 1343
 1344
 1345
 1346
 1347
 1348
 1349
 1350
 1351
 1352
 1353
 1354
 1355
 1356
 1357
 1358
 1359
 1360
 1361
 1362
 1363
 1364
 1365
 1366
 1367
 1368
 1369
 1370
 1371
 1372
 1373
 1374
 1375
 1376
 1377
 1378
 1379
 1380
 1381
 1382
 1383
 1384
 1385
 1386
 1387
 1388
 1389
 1390
 1391
 1392
 1393
 1394
 1395
 1396
 1397
 1398
 1399
 1400
 1401
 1402
 1403
 1404
 1405
 1406
 1407
 1408
 1409
 1410
 1411
 1412
 1413
 1414
 1415
 1416
 1417
 1418
 1419
 1420
 1421
 1422
 1423
 1424
 1425
 1426
 1427
 1428
 1429
 1430
 1431
 1432
 1433
 1434
 1435
 1436
 1437
 1438
 1439
 1440
 1441
 1442
 1443
 1444
 1445
 1446
 1447
 1448
 1449
 1450
 1451
 1452
 1453
 1454
 1455
 1456
 1457
 1458
 1459
 1460
 1461
 1462
 1463
 1464
 1465
 1466
 1467
 1468
 1469
 1470
 1471
 1472
 1473
 1474
 1475
 1476
 1477
 1478
 1479
 1480
 1481
 1482
 1483
 1484
 1485
 1486
 1487
 1488
 1489
 1490
 1491
 1492
 1493
 1494
 1495
 1496
 1497
 1498
 1499
 1500
 1501
 1502
 1503
 1504
 1505
 1506
 1507
 1508
 1509
 1510
 1511
 1512
 1513
 1514
 1515
 1516
 1517
 1518
 1519
 1520
 1521
 1522
 1523
 1524
 1525
 1526
 1527
 1528
 1529
 1530
 1531
 1532
 1533
 1534
 1535
 1536
 1537
 1538
 1539
 1540
 1541
 1542
 1543
 1544
 1545
 1546
 1547
 1548
 1549
 1550
 1551
 1552
 1553
 1554
 1555
 1556
 1557
 1558
 1559
 1560
 1561
 1562
 1563
 1564
 1565
 1566
 1567
 1568
 1569
 1570
 1571
 1572
 1573
 1574
 1575
 1576
 1577
 1578
 1579
 1580
 1581
 1582
 1583
 1584
 1585
 1586
 1587
 1588
 1589
 1590
 1591
 1592
 1593
 1594
 1595
 1596
 1597
 1598
 1599
 1600
 1601
 1602
 1603
 1604
 1605
 1606
 1607
 1608
 1609
 1610
 1611
 1612
 1613
 1614
 1615
 1616
 1617
 1618
 1619
 1620
 1621
 1622
 1623
 1624
 1625
 1626
 1627
 1628
 1629
 1630
 1631
 1632
 1633
 1634
 1635
 1636
 1637
 1638
 1639
 1640
 1641
 1642
 1643
 1644
 1645
 1646
 1647
 1648
 1649
 1650
 1651
 1652
 1653
 1654
 1655
 1656
 1657
 1658
 1659
 1660
 1661
 1662
 1663
 1664
 1665
 1666
 1667
 1668
 1669
 1670
 1671
 1672
 1673
 1674
 1675
 1676
 1677
 1678
 1679
 1680
 1681
 1682
 1683
 1684
 1685
 1686
 1687
 1688
 1689
 1690
 1691
 1692
 1693
 1694
 1695
 1696
 1697
 1698
 1699
 1700
 1701
 1702
 1703
 1704
 1705
 1706
 1707
 1708
 1709
 1710
 1711
 1712
 1713
 1714
 1715
 1716
 1717
 1718
 1719
 1720
 1721
 1722
 1723
 1724
 1725
 1726
 1727
 1728
 1729
 1730
 1731
 1732
 1733
 1734
 1735
 1736
 1737
 1738
 1739
 1740
 1741
 1742
 1743
 1744
 1745
 1746
 1747
 1748
 1749
 1750
 1751
 1752
 1753
 1754
 1755
 1756
 1757
 1758
 1759
 1760
 1761
 1762
 1763
 1764
 1765
 1766
 1767
 1768
 1769
 1770
 1771
 1772
 1773
 1774
 1775
 1776
 1777
 1778
 1779
 1780
 1781
 1782
 1783
 1784
 1785
 1786
 1787
 1788
 1789
 1790
 1791
 1792
 1793
 1794
 1795
 1796
 1
 2
 3
 7
 11
 13
 14
 19
 21
 24
 25
 26
 27
 28
 29
 326
 327
 322
 323
 33
 34
 35
 36
 37
 38
 39
 40
 41
 42
 43
 44
 45
 46
 47
 48
 49
 50
 51
 52
 53
 54
 55
 56
 57
 58
 59
 60
 61
 62
 63
 64
 16
 17
 18
 19
 20
 21
 22
 23
 24
 25
 26
 27
 28
 29
 30
 31
 32
 1
 2
 3
 4
 5
 6
 7
 8
 9
 10
 11
 12
 13
 14
 15
 65
 66
 67
 68
 69
 70
 71
 72
 73
 74
 75
 76
 77
 78
 79
 80
 81
 82
 83
 84
 85
 86
 87
 88
 89
 90
 4228089
 4228090
 5276095
 4228113
 72
 73
 4228114
 4228120
 4228121
 4228124
 4228125
 4228128
 4228129
 4228132
 4228133
 4228137
 4228138
 4228141
 4228142
 4228146
 4228147
 4228150
 4228151
 4228154
 4228155
 4228158
 4228159
 4228162
 4228163
 4228167
 4228168
 4228171
 4228172
 4228175
 4228176
 4228179
 4228180
 4228183
 4228184
 4228188
 4228189
 4228192
 4228193
 4228196
 4228197
 4228200
 4228201
 4228204
 4228205
 4228209
 2
 3
 4
 5
 6
 7
 8
 9
 10
 11
 12
 13
 14
 15
 16
 17
 18
 19
 20
 21
 22
 23
 24
 4228210
 4228214
 4228215
 4228219
 4228220
 4228223
 4228224
 4228227
 4228228
 4228231
 4228232
 4228236
 4228237
 4228241
 4228242
 4228245
 4228246
 4228249
 4228250
 4228253
 4228254
 4228257
 4228258
 4228262
 4228263
 4228266
 4228267
 4228270
 4228271
 4228274
 4228275
 4228278
 4228279
 4228283
 4228284
 4228287
 4228288
 4228291
 4228292
 4228295
 4228296
 4228299
 4228300
 4228303
 4228304
 4228308
 4228309
 4228312
 4228313
 4228316
 4228317
 4228320
 4228321
 4228324
 1797
 1798
 1799
 1800
 1801
 1802
 1803
 1804
 1805
 1806
 1807
 1808
 1809
 1810
 1811
 1812
 1813
 1814
 1815
 1816
 1817
 1818
 1819
 1820
 1821
 1822
 1823
 1824
 1825
 1826
 1827
 1828
 4228325
 4228329
 4228330
 4228333
 4228334
 4228337
 365
 366
 367
 368
 369
 370
 371
 372
 373
 374
 375
 376
 377
 378
 379
 380
 381
 382
 383
 384
 385
 386
 387
 388
 389
 390
 391
 392
 393
 394
 395
 396
 397
 398
 399
 400
 401
 402
 403
 404
 405
 406
 407
 408
 409
 410
 411
 412
 413
 414
 415
 416
 417
 418
 419
 58
 59
 60
 61
 62
 63
 64
 65
 66
 67
 68
 69
 70
 71
 72
 73
 74
 75
 76
 77
 78
 79
 80
 81
 82
 83
 84
 85
 86
 87
 88
 89
 231
 232
 233
 234
 235
 236
 237
 238
 239
 240
 241
 242
 243
 244
 245
 246
 247
 248
 249
 250
 251
 252
 253
 254
 255
 256
 257
 258
 259
 260
 261
 262
 191
 192
 193
 194
 195
 196
 197
 198
 199
 200
 201
 202
 203
 204
 205
 206
 207
 208
 209
 210
 211
 212
 213
 214
 215
 216
 217
 218
 219
 220
 221
 222
 36
 37
 38
 39
 40
 41
 42
 43
 44
 45
 46
 47
 48
 49
 50
 51
 52
 53
 54
 55
 56
 57
 58
 59
 60
 61
 62
 63
 64
 65
 66
 67
 173
 174
 175
 176
 177
 178
 179
 180
 181
 182
 183
 184
 185
 186
 187
 188
 189
 190
 422
 423
 424
 425
 426
 427
 428
 429
 430
 431
 432
 433
 434
 435
 436
 437
 438
 439
 440
 441
 442
 443
 444
 445
 446
 447
 448
 449
 450
 451
 452
 453
 102
 103
 104
 105
 106
 107
 108
 109
 110
 111
 112
 113
 114
 115
 116
 117
 118
 119
 120
 121
 122
 123
 124
 125
 126
 127
 128
 129
 130
 131
 132
 133
 36
 37
 38
 39
 40
 41
 42
 43
 44
 45
 46
 47
 48
 49
 50
 51
 52
 53
 54
 55
 56
 57
 58
 59
 60
 61
 62
 63
 64
 65
 66
 67
 6
 7
 8
 9
 10
 11
 12
 13
 14
 15
 16
 17
 18
 19
 20
 21
 22
 23
 24
 25
 26
 27
 28
 29
 30
 31
 32
 33
 34
 35
 34
 42
 43
 44
 45
 46
 47
 48
 49
 50
 51
 52
 53
 90
 91
 92
 93
 94
 95
 96
 97
 98
 99
 100
 101
 102
 103
 104
 105
 106
 107
 108
 109
 110
 111
 112
 113
 114
 115
 116
 117
 118
 119
 120
 121
 57
 58
 59
 60
 61
 62
 63
 64
 65
 66
 67
 68
 69
 70
 71
 72
 73
 74
 75
 76
 77
 78
 79
 80
 81
 82
 83
 84
 85
 86
 87
 88
 122
 123
 124
 125
 126
 127
 128
 129
 130
 131
 132
 133
 134
 135
 136
 137
 138
 139
 140
 141
 142
 143
 144
 145
 146
 147
 148
 149
 150
 151
 151
 152
 153
 154
 155
 157
 158
 159
 160
 161
 162
 163
 164
 165
 166
 167
 168
 169
 170
 171
 172
 173
 174
 175
 162
 163
 164
 165
 166
 167
 168
 169
 170
 171
 172
 173
 174
 175
 176
 177
 178
 179
 180
 181
 182
 183
 184
 185
 186
 187
 188
 189
 190
 191
 192
 193
 152
 153
 154
 155
 156
 157
 158
 159
 160
 161
 472
 473
 474
 475
 476
 477
 478
 479
 480
 481
 482
 483
 484
 485
 486
 487
 488
 489
 490
 491
 492
 493
 494
 495
 496
 497
 498
 499
 500
 501
 502
 503
 307
 308
 309
 310
 311
 312
 313
 314
 315
 316
 317
 318
 319
 320
 321
 322
 323
 324
 325
 326
 327
 328
 504
 505
 506
 507
 508
 509
 510
 511
 512
 513
 514
 515
 516
 517
 518
 519
 520
 521
 522
 523
 524
 525
 526
 527
 68
 69
 269
 270
 271
 272
 273
 274
 275
 276
 277
 278
 279
 280
 281
 282
 283
 284
 285
 286
 287
 288
 289
 290
 291
 292
 134
 135
 136
 137
 138
 139
 140
 141
 142
 143
 144
 145
 146
 147
 148
 149
 150
 151
 152
 153
 154
 155
 156
 157
 158
 159
 160
 161
 162
 163
 164
 165
 166
 167
 168
 169
 170
 171
 172
 173
 174
 175
 176
 177
 178
 179
 180
 181
 182
 183
 1
 2
 3
 4
 5
 6
 7
 70
 71
 72
 73
 74
 75
 76
 77
 78
 79
 80
 81
 82
 83
 76
 77
 78
 79
 80
 81
 82
 83
 84
 85
 86
 87
 88
 89
 90
 91
 92
 93
 94
 95
 96
 97
 98
 99
 100
 101
 23
 7001893
 24
 25
 26
 27
 28
 29
 30
 31
 32
 33
 34
 35
 36
 37
 38
 39
 40
 41
 42
 43
 44
 45
 46
 47
 48
 49
 50
 51
 52
 53
 54
 1829
 1830
 1831
 1832
 1833
 1834
 1835
 1836
 1837
 1838
 1839
 1840
 1841
 1842
 1843
 1844
 1845
 1846
 1847
 1848
 1849
 1850
 1851
 1852
 1853
 1854
 1855
 1856
 1857
 1858
 1859
 1860
 1
 2
 1
 2
 3
 4
 5
 6
 7
 221
 222
 223
 224
 225
 226
 227
 228
 229
 230
 231
 232
 233
 234
 235
 236
 237
 238
 239
 240
 241
 242
 243
 244
 245
 246
 247
 248
 249
 250
 251
 252
 1861
 1862
 1863
 1864
 1865
 1866
 1867
 1868
 1869
 1870
 1871
 1872
 1873
 1874
 1875
 1876
 1877
 1878
 1879
 1880
 1881
 1882
 1883
 1884
 1885
 1886
 1887
 1888
 1889
 1890
 1891
 1892
 4228338
 4228342
 4228343
 18589
 1876
 14850
 4907
 15956
 15832
 4
 26
 25
 24
 18595
 6816153
 16595
 7334
 18593
 18238
 8821
 8820
 14813
 14810
 13625
 13617
 18601
 1584
 3189
 18600
 34
 65
 64
 1546
 1545
 7800
 18598
 1533
 14188
 1600
 1599
 13408
 35
 7460
 7992
 4904
 5242922
 5242921
 9768
 1139
 1148
 23
 42
 1873
 6976
 6816140
 18577
 1592
 1529
 13263
 7867
 338
 337
 4818
 3000
 1587
 33
 5242920
 5242917
 1590
 172
 1139
 1138
 1878
 3633
 13712
 24
 25
 92
 1136
 1132
 117
 1594
 15
 116
 1595
 1597
 41
 15444
 2970
 11174
 73
 72
 439
 438
 441
 440
 323
 322
 13710
 118
 313
 3157
 13356
 13355
 6039
 1544
 14268
 16
 18644
 7279
 5242914
 5242913
 327
 326
 135
 19
 6816152
 3188
 18599
 120
 119
 5242916
 5242915
 1588
 18592
 236
 1143
 1547
 1884
 18647
 17960
 6816156
 1868
 31
 1870
 20
 1540
 1539
 7835
 1147
 11094
 1142
 17963
 4824
 14819
 14818
 17184
 14290
 3175
 1
 1885
 49
 19408
 13206
 170
 1589
 12156
 12155
 14267
 7756
 6267
 6266
 4835
 1161
 7282
 29
 18594
 1531
 28
 13616
 13615
 15140
 6816145
 73
 15053
 99
 5242944
 5242943
 4821
 5242912
 2
 21
 15031
 15030
 12158
 12157
 1542
 15017
 1541
 18597
 7281
 5796
 1476
 8818
 18189
 1606
 1605
 116
 15878
 18606
 18
 1149
 18622
 1141
 8423
 19409
 1596
 30
 147
 15051
 146
 7268
 1591
 126
 5511
 1532
 5502
 6816155
 4838
 1162
 17710
 17707
 18587
 6816154
 4228347
 4228348
 4228352
 4228353
 4228356
 6816143
 6816142
 15124
 9401
 6816141
 5242942
 5242941
 5242939
 5242938
 9
 15568
 1739
 1602
 1601
 169
 18315
 14289
 7
 4832
 4828
 117
 14275
 12152
 12151
 18605
 6816149
 1166
 15032
 3204
 15959
 1530
 1253
 4228357
 4228361
 4228362
 4228366
 4228367
 4228370
 4228371
 4228374
 4228375
 4228379
 4228380
 4228383
 4228384
 4228387
 4228388
 4228391
 4228392
 4228395
 1893
 1894
 1895
 1896
 1897
 1898
 1899
 1900
 1901
 1902
 1903
 1904
 1905
 1906
 1907
 1908
 1909
 1910
 1911
 1912
 1913
 1914
 1915
 1916
 1917
 1918
 1919
 1920
 1921
 1922
 1923
 1924
 169
 170
 171
 172
 173
 174
 175
 176
 177
 178
 179
 180
 181
 182
 183
 184
 185
 186
 187
 188
 189
 190
 191
 192
 193
 194
 195
 196
 197
 198
 199
 200
 148
 149
 150
 151
 152
 153
 154
 155
 156
 157
 158
 159
 160
 161
 162
 163
 164
 165
 166
 167
 168
 26
 27
 28
 29
 30
 31
 32
 33
 34
 35
 36
 37
 38
 39
 40
 41
 42
 43
 44
 45
 46
 47
 48
 49
 50
 51
 52
 53
 54
 55
 56
 57
 113
 114
 115
 116
 117
 118
 119
 120
 121
 122
 123
 124
 125
 126
 127
 128
 129
 130
 131
 132
 133
 134
 135
 136
 137
 138
 139
 140
 141
 142
 143
 144
 176
 177
 178
 179
 180
 181
 182
 183
 184
 185
 4228396
 4228400
 7
 8
 9
 10
 11
 12
 13
 14
 15
 16
 17
 18
 19
 20
 21
 22
 23
 24
 25
 26
 27
 28
 29
 30
 31
 32
 33
 34
 35
 36
 37
 38
 4228401
 4228402
 4228407
 22970676425
 22970676429
 22970675999
 22970676426
 22970676410
 22970675996
 22970675997
 22970676185
 22970676007
 22970675995
 22970676347
 22970676360
 22970676283
 22970676009
 22970676005
 22970676015
 22970676016
 22970676017
 22970676018
 22970676019
 22970676020
 22970676021
 22970676411
 22970676374
 22970676375
 22970676376
 22970676377
 22970676378
 22970676379
 22970676380
 22970676381
 75
 89
 90
 91
 92
 93
 94
 95
 96
 97
 98
 99
 100
 101
 102
 103
 104
 105
 106
 107
 108
 109
 110
 111
 112
 58
 59
 60
 61
 62
 63
 64
 65
 66
 67
 68
 69
 70
 71
 72
 73
 74
 75
 76
 77
 78
 79
 80
 81
 82
 83
 84
 85
 86
 87
 88
 204
 205
 206
 207
 208
 209
 210
 211
 212
 213
 214
 215
 216
 217
 218
 219
 220
 221
 222
 223
 224
 225
 226
 227
 228
 229
 230
 231
 232
 233
 234
 235
 22970676384
 22970676382
 22970676004
 253
 34292961684
 22970669732
 22970669730
 34359738365
 448
 22970676412
 251
 22970676425
 22970675992
 22970676396
 22970676383
 22970676368
 22970676423
 22970675990
 22970676430
 22970676417
 22970676420
 22970669734
 259
 22970669731
 38
 22970676413
 34292960088
 22970676366
 22970676429
 5776252
 5775377
 5776251
 5767560
 5767552
 5767553
 5767554
 5767555
 5767556
 5767557
 5767558
 5767559
 5767561
 5767562
 5767563
 5767564
 5767565
 5767566
 5767567
 5767568
 5767569
 5767570
 5767571
 5767572
 5767573
 5767574
 5767575
 5767576
 5767577
 5767578
 5767579
 5767580
 5767581
 5767582
 5767583
 5767584
 1
 2
 3
 1925
 1926
 1927
 1928
 1929
 1930
 1931
 1932
 1933
 1934
 1935
 1936
 1937
 1938
 1939
 1940
 1941
 1942
 1943
 1944
 1945
 1946
 1947
 1948
 1949
 1950
 1951
 1952
 1953
 1954
 1955
 1956
 34359738366
 5767558
 5767574
 43
 53
 55
 56
 123
 124
 135
 136
 137
 138
 203
 206
 207
 208
 209
 210
 211
 212
 213
 214
 236
 237
 238
 239
 240
 241
 242
 243
 244
 245
 246
 248
 249
 250
 254
 255
 256
 258
 259
 260
 261
 262
 263
 265
 266
 15
 16
 17
 18
 19
 20
 21
 22
 23
 24
 25
 26
 27
 28
 29
 30
 31
 32
 31
 38
 37
 34153608131
 30
 34153608127
 34359738365
 4
 5
 6
 7
 8
 9
 10
 11
 12
 13
 14
 32
 33
 34
 35
 36
 37
 36
 35
 4
 3
 34153608128
 433
 434
 435
 436
 437
 438
 439
 440
 441
 442
 443
 444
 445
 446
 447
 448
 449
 450
 451
 452
 453
 454
 455
 456
 457
 458
 459
 460
 461
 462
 463
 464
 449
 447
 99
 100
 101
 102
 103
 104
 105
 106
 107
 108
 109
 110
 111
 112
 113
 114
 115
 114
 113
 3
 2
 34153608101
 25
 32
 33
 34
 35
 36
 24
 34153608098
 34153608099
 444
 445
 446
 448
 29
 1
 2
 3
 4
 5
 6
 7
 8
 9
 10
 11
 12
 13
 14
 15
 16
 17
 18
 19
 20
 21
 22
 23
 34153604402
 34153606511
 34153606509
 34153606508
 34153607578
 22986288979
 1
 2
 3
 4
 5
 6
 7
 8
 9
 10
 11
 12
 13
 14
 15
 16
 17
 18
 19
 20
 21
 22
 74
 75
 76
 77
 78
 79
 80
 81
 82
 83
 84
 85
 86
 87
 88
 89
 90
 91
 92
 93
 94
 95
 96
 97
 98
 99
 100
 101
 102
 103
 104
 105
 405
 406
 407
 408
 409
 410
 411
 412
 413
 414
 415
 416
 417
 418
 419
 420
 421
 422
 423
 424
 425
 426
 427
 428
 429
 430
 431
 432
 433
 434
 435
 436
 106
 107
 108
 109
 110
 111
 112
 113
 114
 115
 116
 117
 118
 119
 120
 121
 122
 123
 124
 125
 126
 127
 128
 129
 130
 131
 132
 133
 350
 351
 352
 353
 354
 355
 356
 357
 358
 359
 360
 361
 362
 363
 364
 365
 366
 367
 368
 369
 370
 371
 372
 373
 374
 375
 376
 377
 378
 379
 380
 381
 22986288980
 22986288984
 22986288992
 4726800
 22986288985
 22986288981
 34359738363
 22986288986
 34153607579
 14
 1
 2
 1
 2
 3
 4
 5
 6
 7
 8
 9
 10
 11
 12
 13
 14
 15
 74
 75
 76
 77
 78
 79
 80
 81
 82
 83
 84
 85
 86
 87
 88
 1
 2
 3
 4
 5
 6
 7
 8
 9
 10
 11
 12
 13
 14
 15
 16
 17
 18
 19
 20
 21
 22
 23
 24
 25
 26
 27
 28
 29
 30
 32
 33
 34
 35
 36
 37
 38
 39
 40
 41
 42
 54
 60
 64
 65
 67
 68
 102
 103
 104
 105
 106
 107
 108
 109
 110
 111
 112
 113
 114
 115
 116
 117
 118
 119
 121
 122
 145
 146
 147
 148
 149
 152
 153
 154
 155
 235
 267
 284
 285
 286
 287
 288
 289
 290
 291
 292
 293
 310
 311
 312
 313
 314
 315
 316
 317
 318
 319
 320
 321
 322
 323
 324
 325
 390
 391
 393
 395
 396
 401
 1
 2
 3
 1
 2
 3
 4
 5
 6
 7
 8
 9
 10
 11
 12
 13
 14
 15
 27
 28
 29
 30
 31
 1
 2
 3
 4
 5
 6
 7
 8
 9
 10
 11
 12
 13
 14
 15
 16
 17
 18
 19
 21
 22
 23
 24
 25
 26
 27
 28
 29
 30
 31
 32
 33
 34
 1969
 1970
 1971
 1972
 1973
 1974
 1975
 1976
 1977
 1978
 1979
 1980
 1981
 1982
 1983
 1984
 1985
 1986
 1987
 1988
 1989
 1990
 1991
 1992
 1993
 1994
 1995
 1996
 1997
 1998
 1999
 2000
 2006
 2007
 2008
 2009
 2010
 2011
 2012
 2013
 2014
 2015
 2016
 2017
 2018
 2019
 2020
 2021
 2022
 2023
 2024
 2025
 2026
 2027
 2028
 2029
 2030
 2031
 2032
 2033
 2034
 2035
 2036
 2037
 2043
 2044
 2045
 2046
 2047
 2048
 2049
 2050
 2051
 2052
 2053
 2054
 2055
 2056
 2057
 2058
 2059
 2060
 2061
 2062
 2063
 2064
 2065
 2066
 2067
 2068
 2069
 2070
 2071
 2072
 2073
 2074
 2081
 2082
 2083
 2084
 2085
 2086
 2087
 2088
 2089
 2090
 2091
 2092
 2093
 2094
 2095
 2096
 2097
 2098
 2099
 2100
 2101
 2102
 2103
 2104
 2105
 2106
 2107
 2108
 2109
 2110
 2111
 2112
 2118
 2119
 2120
 2121
 2122
 2123
 2124
 2125
 2126
 2127
 2128
 2129
 2130
 2131
 2132
 2133
 2134
 2135
 2136
 2137
 2138
 2139
 2140
 2141
 2142
 2143
 2144
 2145
 2146
 2147
 2148
 2149
 5251113
 2155
 2156
 2157
 2158
 2159
 2160
 2161
 2162
 2163
 2164
 2165
 2166
 2167
 2168
 2169
 2170
 2171
 2172
 2173
 2174
 2175
 2176
 2177
 2178
 2179
 2180
 2181
 2182
 2183
 2184
 2185
 2186
 2192
 2193
 2194
 2195
 2196
 2197
 2198
 2199
 2200
 2201
 2202
 2203
 2204
 2205
 2206
 2207
 2208
 2209
 2210
 2211
 2212
 2213
 2214
 2215
 2216
 2217
 2218
 2219
 2220
 2221
 2222
 2223
 2224
 2225
 2226
 2227
 2228
 2229
 2230
 2231
 2232
 2233
 2234
 2235
 2236
 2237
 2238
 2239
 2240
 2241
 2242
 2243
 2244
 2245
 2246
 2247
 2248
 2249
 2250
 2251
 2252
 2253
 2254
 2255
 2256
 2257
 2258
 2259
 2260
 2261
 2262
 2263
 2264
 2265
 2266
 2267
 2268
 2269
 2270
 2271
 2272
 2273
 2274
 2275
 2276
 2277
 2278
 2279
 2280
 2281
 2282
 2283
 2284
 2285
 2286
 2287
 2288
 2289
 2290
 2291
 2292
 2293
 2294
 2295
 2296
 2297
 2298
 2299
 2300
 2301
 2302
 2303
 2304
 2305
 2306
 2307
 2308
 2309
 2310
 2311
 2312
 2313
 2314
 2315
 2316
 2317
 2318
 2319
 4228408
 4228413
 22970676265
 22970676138
 22970676139
 22970676136
 22970676422
 22970676135
 22970676418
 22970676419
 22970676428
 22970676129
 22970676421
 22970676126
 22970676134
 22970676127
 22970676123
 22970676113
 22970676125
 22970676098
 22970676114
 22970676131
 22970676140
 22970676064
 22970676156
 22970676306
 22970676386
 22970676297
 22970676282
 22970676234
 22970676229
 120
 22970676225
 22970676293
 22970676241
 22970676081
 22970676082
 34359738362
 22970676365
 22970676158
 22970676083
 22970676084
 22970676173
 22970676085
 22970676292
 22970676231
 145
 146
 147
 22970676078
 34359738361
 22970676102
 22970676066
 22970676053
 22970676054
 22970676055
 22970676024
 22970676029
 22970676044
 22970676056
 22970676313
 22970676050
 22970676363
 22970676030
 22970676047
 22970676048
 22970676049
 22970676031
 22970676279
 22970676042
 22970676043
 22970676431
 22970676276
 22970676432
 22970676038
 22970676032
 22970676195
 248
 22970676034
 22970676035
 22970676036
 22970676037
 22970676177
 22970676263
 22970676232
 34359738359
 22970676089
 22970676203
 22970676061
 22970676073
 22970676074
 382
 383
 384
 385
 386
 387
 388
 389
 390
 391
 392
 393
 394
 395
 396
 397
 398
 399
 400
 401
 402
 403
 404
 22970676433
 22970676068
 22970676075
 22970676076
 22970676070
 22970676370
 22970676249
 22970676237
 22970676067
 22970676213
 22970676099
 22970676100
 34292961684
 22970669732
 34359738362
 448
 22970676422
 22970669730
 251
 38
 34292960088
 22970669731
 22970669734
 259
 22970676432
 22970675995
 22970676419
 22970676366
 22970676425
 22970676417
 22970676412
 22970676385
 22970676415
 22970676010
 22970676427
 22970676414
 22970676416
 22970676424
 22970676431
 22970669733
 34359738361
 22970676181
 22970676000
 22970676430
 22970676006
 22970676386
 22970676421
 22970676283
 22970675996
 22970676008
 22970676265
 22970676423
 22970676428
 22970676173
 22970675990
 22970676367
 22970676413
 22970676420
 22970676426
 22970676418
 253
 22970676007
 22970676396
 22970676011
 22970676258
 22970676360
 22970676368
 22970676026
 22970676371
 22970676009
 22970675997
 22970676027
 22970676429
 22970676267
 22970676306
 22970676188
 22970676192
 22970675998
 22970676001
 22970676158
 22970676191
 22970676365
 22970676282
 247
 249
 22970676002
 449
 22970676440
 22970676433
 4719125
 4719104
 4719105
 4719106
 4719107
 4719108
 4719109
 4719110
 4719111
 4719112
 4719113
 4719114
 4719115
 4719116
 4719117
 4719118
 4719119
 4719120
 4719121
 4719122
 4719123
 4719124
 4719126
 4719127
 4719128
 4719129
 4719130
 4719131
 4719132
 4719133
 4719134
 4719135
 34292960087
 22970676263
 22970675992
 22970676388
 4719114
 4719130
 34292961714
 34292961714
 34292961710
 34292961711
 34292961710
 37
 43
 39
 3
 2
 3
 2320
 2321
 2322
 2323
 2324
 2325
 2326
 2327
 2328
 2329
 2330
 2331
 2332
 2333
 2334
 2335
 2336
 2337
 2338
 2339
 2340
 2341
 2342
 11
 2343
 2344
 2345
 2346
 2347
 2348
 2349
 2350
 10
 11
 444
 2351
 34
 35
 36
 37
 38
 39
 40
 41
 42
 43
 44
 45
 46
 47
 48
 49
 50
 51
 52
 53
 54
 55
 56
 57
 58
 59
 60
 61
 62
 63
 64
 65
 66
 67
 68
 69
 70
 71
 72
 73
 74
 75
 76
 77
 78
 79
 80
 81
 82
 83
 84
 85
 86
 87
 88
 89
 90
 91
 92
 93
 94
 95
 96
 97
 98
 99
 100
 101
 102
 103
 104
 105
 106
 107
 108
 109
 110
 111
 112
 113
 114
 115
 116
 117
 118
 119
 120
 121
 122
 123
 124
 125
 126
 127
 128
 129
 148
 149
 150
 151
 152
 153
 154
 155
 156
 157
 158
 159
 160
 161
 38
 39
 40
 41
 42
 43
 44
 45
 46
 48
 49
 50
 51
 1
 2
 3
 4
 5
 6
 7
 8
 9
 158
 159
 160
 161
 162
 163
 164
 165
 166
 167
 169
 170
 171
 172
 173
 174
 175
 176
 177
 178
 179
 181
 216
 217
 218
 268
 269
 270
 271
 272
 274
 275
 276
 280
 327
 328
 329
 330
 22970676206
 22970676217
 22970676201
 34292961684
 22970669732
 22970669730
 34359738365
 448
 22970676422
 251
 22970676423
 22970675992
 22970676001
 22970676425
 38
 22970676396
 22970675990
 34292960088
 22970676432
 22970676417
 22970676010
 22970669734
 259
 22970669731
 22970676366
 34359738366
 146
 147
 215
 31
 38
 34359738365
 37
 34235594140
 30
 34235594136
 34359738364
 36
 35
 4
 3
 34235594137
 449
 447
 114
 113
 3
 2
 34235594110
 25
 24
 34235594107
 34235594108
 444
 445
 446
 448
 29
 34235590411
 34235592520
 34235592518
 34235592517
 34235593587
 22922419165
 150
 22922419166
 22922419170
 22922419178
 4729799
 34359738362
 22922419171
 22922419172
 34235593588
 1
 2
 3
 4
 5
 6
 7
 8
 9
 10
 11
 12
 13
 14
 15
 16
 17
 18
 19
 20
 21
 22
 23
 24
 25
 26
 27
 28
 29
 1
 2
 3
 4
 5
 6
 7
 8
 9
 10
 11
 12
 13
 14
 15
 36
 37
 52
 53
 84
 85
 86
 87
 88
 89
 90
 116
 117
 118
 119
 120
 121
 122
 363
 364
 365
 366
 367
 368
 369
 370
 371
 420
 421
 422
 423
 424
 425
 426
 12
 13
 89
 230
 231
 232
 283
 331
 18
 19
 20
 21
 22
 23
 25
 26
 32
 33
 36
 4228414
 4228421
 4228422
 4228425
 4228426
 4228429
 4228430
 2352
 2353
 2354
 2355
 2356
 2357
 2358
 2359
 2360
 2361
 2362
 2363
 2364
 2365
 2366
 2367
 2368
 2369
 2370
 2371
 2372
 2373
 2374
 2375
 2376
 2377
 2378
 2379
 2380
 2381
 2382
 2383
 4228433
 4228434
 4228437
 4228438
 4228442
 4228443
 4228446
 4228447
 4228450
 4228451
 4228454
 4228455
 4228459
 4228460
 4228463
 4228464
 4228467
 4228468
 4228471
 1
 2
 3
 4
 5
 107
 108
 109
 110
 111
 112
 113
 114
 115
 116
 117
 118
 119
 120
 121
 122
 123
 124
 125
 126
 127
 128
 129
 130
 131
 132
 133
 134
 135
 136
 137
 138
 139
 140
 141
 142
 143
 144
 145
 146
 147
 148
 149
 150
 151
 152
 153
 154
 155
 156
 157
 158
 159
 160
 161
 162
 163
 164
 165
 166
 90
 91
 92
 93
 94
 95
 96
 97
 98
 99
 100
 101
 102
 103
 104
 105
 106
 263
 264
 265
 266
 267
 268
 269
 270
 271
 272
 273
 274
 275
 276
 277
 278
 279
 280
 281
 282
 283
 284
 285
 286
 287
 288
 289
 290
 291
 292
 293
 294
 295
 296
 297
 298
 299
 300
 301
 302
 303
 304
 305
 306
 307
 308
 309
 310
 311
 312
 313
 314
 315
 316
 317
 318
 319
 320
 321
 322
 323
 324
 325
 326
 327
 328
 329
 330
 331
 332
 333
 334
 335
 336
 454
 455
 456
 457
 458
 459
 460
 461
 462
 463
 464
 465
 466
 467
 468
 469
 470
 471
 194
 195
 196
 197
 198
 199
 200
 201
 202
 203
 204
 205
 206
 207
 208
 209
 210
 211
 212
 213
 214
 215
 216
 217
 218
 219
 220
 223
 224
 225
 226
 227
 228
 229
 230
 1
 2
 3
 4
 5
 6
 7
 8
 9
 10
 11
 12
 13
 14
 15
 16
 17
 18
 19
 20
 21
 22
 23
 24
 25
 26
 27
 28
 29
 30
 31
 167
 168
 169
 170
 171
 172
 120
 121
 122
 123
 124
 125
 126
 127
 128
 129
 130
 131
 132
 133
 134
 135
 225
 226
 227
 228
 229
 230
 231
 232
 233
 234
 235
 236
 237
 238
 239
 240
 241
 242
 243
 244
 245
 246
 247
 248
 249
 250
 251
 252
 253
 254
 255
 256
 343
 344
 345
 346
 347
 348
 349
 350
 351
 352
 353
 354
 355
 356
 357
 358
 359
 360
 361
 362
 363
 364
 528
 529
 530
 531
 532
 533
 534
 535
 536
 537
 538
 539
 540
 541
 542
 543
 544
 545
 546
 547
 548
 549
 550
 551
 552
 553
 554
 555
 556
 557
 558
 559
 189
 190
 191
 192
 193
 194
 195
 196
 197
 198
 199
 200
 201
 202
 203
 204
 205
 206
 207
 208
 209
 210
 211
 212
 213
 214
 215
 216
 217
 218
 219
 220
 184
 185
 186
 187
 188
 189
 190
 191
 192
 193
 2384
 2385
 2386
 2387
 2388
 2389
 2390
 2391
 2392
 2393
 2394
 2395
 2396
 2397
 2398
 2399
 2400
 2401
 2402
 2403
 2404
 2405
 2406
 2407
 2408
 2409
 2410
 2411
 2412
 2413
 2414
 2415
 4228472
 4228476
 22970676180
 22970676269
 22970676255
 22970676254
 22970676221
 22970676208
 22970676182
 22970676183
 22970676184
 22970676186
 22970676220
 22970676172
 22970676175
 4728006
 4719029
 4719008
 4719009
 4719010
 4719011
 4719012
 4719013
 4719014
 4719015
 4719016
 4719017
 4719018
 4719019
 4719020
 4719021
 4719022
 4719023
 4719024
 4719025
 4719026
 4719027
 4719028
 4719030
 4719031
 4719032
 4719033
 4719034
 4719035
 4719036
 4719037
 4719038
 4719039
 4719040
 4728007
 4728078
 5251187
 5775422
 5767205
 5767200
 5767201
 5767202
 5767203
 5767204
 5767206
 5767207
 5767208
 5767209
 5767210
 5767211
 5767212
 5767213
 5767214
 5767215
 5767216
 5767217
 5767218
 5767219
 5767220
 5767221
 5767222
 5767223
 5767224
 5767225
 5767226
 5767227
 5767228
 5767229
 5767230
 5767231
 5767232
 5775431
 5775387
 5776380
 7340166
 7340160
 7340161
 7340162
 7340163
 7340164
 7340165
 7340167
 7340168
 7340169
 7340170
 7340171
 7340172
 7340173
 7340174
 7340175
 7340176
 7340177
 7340178
 7340179
 7340180
 7340181
 7340182
 7340183
 7340184
 7340185
 7340186
 7340187
 7340188
 7340189
 7340190
 7340191
 7340192
 7348538
 22970676190
 4719020
 4719036
 5242919
 5242930
 5242932
 5242937
 5242940
 5767206
 5767221
 7340166
 7340175
 7340190
 7340166
 7340166
 7348539
 7349285
 7340635
 7340608
 7340609
 7340610
 7340611
 7340612
 7340613
 7340614
 7340615
 7340616
 7340617
 7340618
 7340619
 7340620
 7340621
 7340622
 7340623
 7340624
 7340625
 7340626
 7340627
 7340628
 7340629
 7340630
 7340631
 7340632
 7340633
 7340634
 7340636
 7340637
 7340638
 7340639
 7340640
 7340616
 7340631
 22970676121
 22970676211
 22970676124
 22970676296
 34292961684
 22970669732
 34359738363
 448
 22970676385
 22970669730
 251
 38
 34292960088
 22970669731
 22970669734
 259
 22970676422
 22970675995
 22970676366
 22970676415
 22970676416
 22970676423
 22970676426
 22970676412
 22970676413
 22970676414
 22970676417
 22970676428
 22970669733
 34359738362
 22970676181
 22970676419
 22970676418
 22970676008
 22970676007
 22970675996
 22970676421
 22970676427
 22970676425
 22970676367
 22970676265
 22970676431
 22970676424
 22970675998
 22970676386
 22970676010
 22970676011
 22970675990
 22970676258
 22970676429
 22970676430
 449
 22970676064
 34292960087
 253
 22970676192
 22970676368
 22970676006
 22970676360
 22970676001
 22970675997
 22970676306
 22970676173
 22970676283
 22970676420
 22970676396
 22970676371
 22970676158
 22970676000
 22970676267
 22970676027
 22970676009
 22970675992
 34292961714
 34292961710
 34292961711
 43
 3
 11
 34292961711
 130
 131
 132
 133
 134
 135
 136
 138
 139
 140
 141
 142
 143
 144
 145
 162
 163
 164
 165
 166
 167
 168
 169
 170
 171
 172
 173
 174
 175
 176
 177
 194
 195
 196
 197
 198
 199
 200
 204
 205
 206
 207
 208
 209
 210
 211
 212
 213
 214
 215
 216
 217
 218
 219
 220
 221
 222
 223
 224
 225
 70
 71
 72
 7
 8
 9
 10
 11
 12
 13
 14
 15
 16
 17
 18
 19
 20
 21
 22
 23
 24
 25
 26
 27
 28
 29
 30
 32
 2416
 2417
 2418
 2419
 2420
 2421
 2422
 2423
 2424
 2425
 2426
 2427
 2428
 2429
 2430
 2431
 2432
 2433
 2434
 2435
 2436
 2437
 2438
 2439
 2440
 2441
 2442
 2443
 2444
 2445
 2446
 2447
 4228477
 4228481
 4228482
 4228485
 22970676244
 5776041
 5775386
 5776175
 6825545
 5775430
 5775423
 5775378
 5776288
 5776269
 5767781
 5767776
 5767777
 5767778
 5767779
 5767780
 5767782
 5767783
 5767784
 5767785
 5767786
 5767787
 5767788
 5767789
 5767790
 5767791
 5767792
 5767793
 5767794
 5767795
 5767796
 5767797
 5767798
 5767799
 5767800
 5767801
 5767802
 5767803
 5767804
 5767805
 5767806
 5767807
 5767808
 34292961684
 22970669732
 22970669730
 34359738365
 448
 22970676385
 251
 22970676427
 22970675992
 22970676428
 22970676432
 22970676419
 22970676425
 22970675990
 22970676421
 22970676416
 22970676414
 22970669734
 259
 22970669731
 38
 22970675999
 34292960088
 22970676366
 22970676306
 22970676417
 34292960087
 22970676192
 22970676010
 22970676424
 22970676006
 22970676283
 4718593
 290
 291
 449
 1
 2
 3
 34359738366
 4228361
 4
 5
 6
 7
 8
 9
 10
 11
 12
 13
 14
 15
 16
 15
 38
 34359738365
 37
 34269849437
 34359738364
 12
 34269849433
 1
 2
 3
 39
 40
 41
 42
 43
 22970676111
 5767780
 5767796
 43
 42
 7
 6
 34269849434
 449
 447
 25
 24
 34269849407
 34269849408
 444
 445
 446
 448
 39
 4
 5
 6
 40
 41
 34269846843
 34269847809
 34269847807
 34269847806
 23026942033
 23026942034
 13
 23026942035
 1
 2
 3
 4
 5
 6
 1
 2
 3
 4
 5
 6
 7
 8
 9
 10
 11
 12
 13
 14
 15
 16
 17
 18
 19
 20
 21
 22
 23
 24
 25
 26
 27
 28
 29
 30
 31
 32
 33
 34
 35
 36
 37
 38
 39
 40
 41
 42
 43
 44
 45
 46
 47
 48
 49
 50
 51
 52
 53
 54
 55
 56
 57
 58
