 2859
 8331
 8332
 8334
 8335
 8336
 8337
 8338
 8339
 8340
 8341
 8342
 8344
 8345
 8348
 1439
 1441
 1443
 1452
 1454
 1455
 1456
 1457
 1463
 1464
 6847
 6848
 6850
 6854
 6859
 6860
 6862
 6863
 8164
 8165
 8172
 8173
 8176
 5930
 5935
 5936
 5937
 5938
 5939
 5940
 5941
 5942
 5943
 5944
 5945
 5946
 5947
 5948
 5953
 5954
 5956
 5960
 2272
 2273
 2274
 2275
 2278
 2283
 5389
 5391
 5397
 5399
 5400
 5405
 5408
 5409
 5410
 5411
 5412
 219
 1647
 1649
 1654
 1662
 1664
 1666
 1667
 1354
 1355
 1356
 1357
 1361
 1363
 1367
 1368
 1370
 1379
 1385
 12954
 12956
 12957
 12958
 2562
 2569
 2574
 2585
 7029
 7034
 7040
 7048
 7058
 7059
 13582
 13583
 13584
 13585
 13586
 13587
 13588
 13589
 13590
 13591
 13592
 13593
 13594
 13595
 13596
 13597
 13598
 13599
 13602
 9731
 9732
 9733
 9734
 9738
 9739
 9740
 9741
 9747
 9748
 9749
 9750
 9751
 9752
 9753
 9754
 9755
 9756
 9757
 9758
 9759
 9760
 9761
 9762
 7782
 7783
 7784
 7785
 7786
 7788
 7790
 7794
 7796
 7797
 7798
 7799
 7800
 6222
 6223
 6224
 6226
 6227
 6228
 6234
 6235
 6236
 6245
 6249
 2307
 2308
 2310
 2311
 2313
 2315
 2317
 2318
 2319
 9303
 9304
 9305
 9313
 9317
 9327
 1909
 1910
 1922
 1926
 1927
 1928
 1930
 1931
 1937
 12401
 12402
 12408
 12412
 12425
 1544
 1548
 1558
 1562
 5459
 5468
 5469
 5472
 5474
 5478
 5479
 5480
 5481
 2330
 2331
 2334
 2335
 7593
 7605
 7606
 7607
 7608
 7609
 7612
 7613
 7614
 7615
 7616
 7618
 9284
 9285
 9288
 9289
 9290
 9291
 9292
 9293
 9296
 9300
 5576
 5579
 5580
 5589
 5590
 5604
 5370
 5379
 5382
 3048
 3049
 3051
 3053
 3058
 3059
 3063
 3064
 3068
 3071
 3074
 3075
 3076
 12676
 12678
 12679
 12680
 12681
 12692
 12693
 12696
 12697
 12702
 987
 988
 997
 1003
 1004
 1007
 1009
 1010
 1011
 1013
 1015
 2652
 2665
 2667
 2668
 2670
 2671
 2672
 2675
 2679
 5278
 5279
 5280
 5282
 5283
 5285
 5286
 5288
 5289
 5290
 5291
 5294
 5295
 5296
 2344
 2352
 2356
 2357
 2359
 2361
 2363
 2364
 2367
 3391
 3392
 3393
 3394
 3395
 3397
 3398
 3399
 3400
 3401
 3402
 3405
 3406
 3407
 3408
 3409
 3410
 3411
 3412
 3413
 3414
 3415
 3416
 3417
 3418
 3419
 3420
 13195
 13199
 13200
 13201
 13204
 13205
 13206
 13207
 13208
 13209
 13210
 13212
 13214
 5496
 5499
 5506
 5507
 5508
 5509
 5510
 5511
 5517
 953
 957
 959
 962
 964
 965
 966
 967
 969
 975
 976
 979
 983
 1019
 1020
 1022
 1024
 1025
 1026
 1028
 1029
 1030
 1031
 1033
 1034
 1035
 1037
 4381
 4382
 4383
 4384
 4385
 4386
 4387
 4388
 4389
 4390
 4391
 4392
 4393
 4394
 4395
 4396
 4397
 4398
 4399
 4400
 4401
 4402
 4404
 4405
 4406
 4407
 4408
 4409
 4410
 4411
 4412
 5630
 5631
 5632
 5633
 5634
 5635
 5637
 5638
 5645
 5646
 5647
 5648
 5649
 5650
 13848
 13849
 13850
 13851
 13852
 13853
 13854
 13855
 13857
 13858
 13859
 13861
 13862
 13863
 13864
 13865
 13866
 13867
 13868
 13869
 13870
 13871
 3440
 3441
 3447
 3451
 3454
 3169
 3175
 3179
 3184
 3190
 3191
 3193
 3194
 3195
 3196
 3197
 3198
 3200
 12282
 12284
 12285
 12286
 12294
 12295
 12296
 12298
 12300
 12301
 12302
 12303
 12304
 12305
 12306
 12307
 12308
 12310
 12311
 12312
 12313
 6984
 6985
 4966
 4967
 4969
 4975
 4977
 4978
 4979
 4984
 4990
 12129
 12134
 12135
 12136
 12142
 12143
 12144
 12145
 12146
 12147
 12149
 12150
 12151
 12153
 12154
 5073
 5075
 5076
 5077
 1113
 1114
 1118
 1119
 1125
 1126
 1127
 1129
 1133
 1134
 1135
 1140
 1141
 7038
 7041
 9334
 9336
 9337
 9339
 9340
 9341
 9343
 9346
 12422
 12432
 12436
 12439
 12440
 12444
 12445
 2684
 6611
 6615
 6616
 6617
 6621
 6623
 6627
 6629
 6638
 6639
 6640
 6641
 6642
 12735
 12736
 12747
 12749
 12750
 12751
 12753
 12754
 8362
 8365
 8368
 8369
 8371
 8375
 8376
 8378
 8382
 8383
 8384
 8386
 8387
 8389
 8391
 13008
 13009
 13012
 13013
 13014
 1146
 1148
 1159
 1160
 1161
 1162
 1163
 2619
 2620
 2621
 2626
 2630
 2635
 2637
 2639
 2640
 2641
 2642
 2643
 2644
 2645
 2649
 6813
 6814
 6815
 6816
 6817
 6818
 6819
 6820
 6821
 6822
 6823
 6829
 6836
 6841
 6844
 6845
 6855
 12705
 12706
 12709
 12719
 12721
 12729
 12730
 6643
 6644
 6645
 6646
 6647
 6649
 6650
 6655
 6665
 6670
 6552
 6555
 6556
 6558
 6561
 6562
 6567
 6572
 6578
 6579
 6581
 1733
 1734
 1736
 1744
 1746
 1750
 5818
 5821
 5827
 5829
 5833
 5836
 5841
 5842
 5844
 2497
 2499
 2500
 2503
 2504
 2508
 2511
 6704
 6712
 6714
 6715
 6716
 6717
 6720
 6726
 6727
 6729
 6731
 13392
 13393
 13394
 13396
 13397
 13398
 13401
 13402
 13403
 13405
 13407
 553
 8407
 8410
 8413
 8414
 8415
 8416
 8417
 8418
 8419
 8420
 8422
 8425
 8426
 8430
 8432
 8435
 8437
 14027
 14028
 14029
 14030
 14031
 2516
 2517
 2521
 2522
 2528
 2538
 2542
 3602
 3606
 3607
 3610
 3611
 3612
 3616
 3618
 3619
 3620
 1490
 1493
 1494
 1496
 1498
 1499
 1501
 1503
 1508
 1510
 1514
 1517
 1518
 6041
 6042
 6043
 6044
 6045
 6046
 6047
 6048
 6049
 6050
 6051
 6052
 6053
 6055
 6056
 6057
 6058
 6059
 6060
 6061
 6062
 6063
 6065
 6066
 6070
 12655
 12658
 12660
 12664
 12666
 12668
 12670
 12673
 12674
 12675
 12677
 6254
 6256
 1470
 1484
 8904
 8911
 8912
 8913
 8914
 8915
 8917
 8920
 8921
 8923
 12455
 12458
 12459
 12461
 12462
 12463
 12464
 12466
 12467
 12470
 12471
 12472
 12473
 12474
 12475
 12476
 12479
 6879
 6882
 6888
 6890
 6893
 6894
 2986
 2990
 2991
 2992
 2993
 2994
 2995
 2996
 2997
 2998
 2999
 3000
 3001
 3002
 3003
 3005
 3006
 3007
 3009
 3010
 364
 6330
 6331
 6332
 6333
 6335
 6336
 6346
 6348
 6349
 6353
 6355
 6356
 6357
 6358
 6359
 6360
 5191
 5197
 5198
 5199
 5201
 5205
 5206
 5207
 5209
 5210
 5211
 5213
 5215
 5216
 7257
 7260
 7262
 7263
 7267
 7268
 7269
 7270
 7271
 7272
 7273
 7274
 7275
 7276
 7279
 7280
 7281
 14064
 14065
 14066
 14067
 14068
 14069
 14070
 14071
 14072
 14073
 14074
 14075
 14076
 14077
 14078
 14079
 14080
 14081
 14082
 14083
 14084
 14085
 14086
 14087
 14088
 14089
 14090
 14091
 14092
 14093
 14094
 14095
 2759
 2760
 2762
 2769
 2775
 2778
 2779
 2780
 2781
 2785
 2786
 2788
 7938
 7939
 7940
 7941
 7944
 7945
 7946
 7948
 7950
 7951
 7952
 7953
 7954
 7956
 7957
 7958
 7959
 7960
 7961
 7964
 7965
 7966
 7969
 12866
 12867
 12870
 12871
 12872
 12884
 9246
 9247
 9251
 9252
 9254
 9255
 9258
 9259
 9260
 9261
 9263
 9264
 9265
 12309
 12314
 12315
 12316
 12317
 12318
 12320
 12321
 12322
 12323
 12326
 12327
 6168
 6174
 6175
 6176
 6177
 6179
 6183
 6184
 6186
 6187
 6188
 6190
 6191
 6192
 6194
 6195
 6196
 6197
 239
 2799
 2800
 2801
 2802
 2803
 2804
 2815
 2817
 2828
 8744
 8745
 8746
 8747
 8748
 8749
 8760
 8770
 762
 775
 4941
 4944
 4947
 4951
 4953
 4956
 3035
 3047
 5684
 5696
 13080
 13090
 13092
 13093
 13094
 13096
 13098
 13099
 13100
 13101
 13102
 13103
 13104
 13105
 13106
 13107
 13108
 13109
 1525
 1526
 1541
 485
 6761
 6771
 6773
 6781
 6784
 6786
 6787
 6788
 7373
 7374
 7375
 7376
 7377
 7378
 7379
 7380
 7381
 7382
 7383
 7384
 7385
 7386
 6478
 6479
 6483
 6484
 6485
 6487
 6488
 6489
 6490
 6491
 6492
 6493
 6494
 6498
 2719
 2730
 2733
 6733
 6734
 6739
 6740
 6741
 1897
 1898
 1899
 1900
 1901
 1905
 7581
 7585
 7586
 7595
 7715
 7716
 7718
 7719
 7720
 7721
 7724
 7726
 7727
 7728
 7729
 7730
 7731
 7732
 7733
 7734
 7735
 7736
 7737
 7738
 7739
 7740
 7741
 7742
 7743
 7744
 7745
 5023
 5025
 12231
 12234
 12236
 12237
 12238
 12239
 12246
 12249
 12251
 12202
 12206
 12207
 12208
 12209
 12210
 12211
 12217
 12219
 807
 822
 12414
 12427
 12428
 12431
 12434
 5520
 5527
 5531
 5532
 5533
 5534
 5535
 5536
 5537
 5538
 5539
 5540
 5541
 5543
 5544
 8563
 8564
 8567
 8568
 8569
 8571
 8572
 8574
 8575
 8576
 8577
 8578
 8580
 8581
 8582
 8583
 8584
 8585
 8586
 8587
 8588
 8589
 8592
 7903
 7912
 7913
 7917
 7918
 7919
 7920
 7921
 7922
 7923
 7924
 7925
 7926
 7927
 1304
 1305
 1306
 1307
 1308
 1309
 1310
 1311
 1312
 1313
 1314
 1315
 1316
 1317
 1319
 1320
 1321
 1322
 1324
 1325
 1326
 1327
 1328
 1329
 1330
 1331
 1332
 1333
 1334
 8020
 8023
 8024
 8026
 8029
 8031
 8035
 8036
 8037
 8038
 8039
 8041
 8042
 8043
 8044
 8045
 8046
 8047
 8048
 8050
 5045
 5052
 6789
 6790
 6791
 6792
 6795
 6796
 6797
 6799
 6801
 6802
 6803
 6804
 6805
 6806
 6807
 6809
 6810
 6812
 4917
 4925
 4926
 4927
 4932
 4933
 4936
 4937
 5613
 5614
 5615
 5616
 5617
 5618
 5624
 5625
 5626
 5627
 6200
 6203
 6204
 6205
 6206
 6208
 6209
 6210
 6211
 6212
 6213
 6214
 6215
 6216
 6218
 8078
 8079
 8081
 8082
 8085
 8087
 8088
 8090
 8091
 8092
 8093
 8094
 8095
 2269
 2270
 9182
 9185
 9186
 9188
 9189
 9191
 1607
 1609
 1611
 1616
 1617
 1623
 1624
 1625
 1626
 1630
 7863
 7867
 7870
 7871
 7872
 7873
 7874
 7876
 7879
 7880
 12905
 12906
 12915
 12916
 12918
 12920
 12921
 12922
 12923
 12924
 12927
 12932
 12933
 12936
 5955
 5957
 5958
 5959
 5962
 5963
 5964
 5965
 5967
 5968
 5970
 5971
 5973
 5974
 5976
 5977
 5980
 5983
 745
 13034
 13039
 13045
 13048
 5987
 5988
 5989
 5991
 5996
 8385
 8390
 8392
 8393
 8394
 8397
 8402
 8405
 13562
 13572
 13573
 13574
 13575
 13576
 13577
 1172
 1174
 1175
 1176
 1181
 1183
 1184
 1185
 1187
 1196
 12390
 12391
 12399
 12400
 12409
 12410
 12411
 2380
 2390
 2394
 2400
 2401
 2403
 2405
 2410
 1372
 1373
 1375
 1377
 1380
 1386
 1387
 1388
 1390
 1397
 1399
 1400
 1401
 1402
 7119
 7122
 7126
 7131
 7135
 7145
 2792
 2794
 2796
 2797
 2798
 129
 9278
 9279
 9281
 9282
 9283
 9294
 9297
 9298
 9299
 9301
 9302
 9306
 9307
 9308
 1887
 1889
 1890
 1891
 1904
 1938
 1939
 1940
 1941
 1942
 1943
 1944
 1945
 1946
 1947
 1948
 1949
 1950
 2856
 2866
 2868
 2869
 2870
 2874
 8248
 8249
 8251
 8256
 8257
 8258
 8259
 8266
 8268
 1880
 2884
 2885
 2888
 2889
 2892
 2895
 2910
 2912
 2914
 1749
 1761
 1762
 1764
 8276
 8278
 8279
 8280
 8281
 8282
 8283
 8284
 8285
 2322
 1566
 1569
 1574
 1576
 1580
 1582
 1583
 13600
 13601
 13603
 13604
 13605
 13606
 13607
 13608
 13609
 13610
 13611
 13612
 13613
 13614
 13615
 13616
 13617
 13618
 13619
 13620
 13621
 5484
 5485
 5486
 5489
 5490
 5491
 5492
 5495
 1858
 1866
 1873
 1874
 1876
 1878
 3571
 3574
 3575
 3576
 3579
 3584
 3585
 3587
 3591
 3592
 3593
 3594
 3595
 3601
 1052
 1054
 1055
 1056
 1058
 1059
 1060
 1067
 1068
 1071
 1075
 1076
 1077
 1081
 4849
 4851
 4853
 4854
 4856
 4859
 4860
 4861
 4862
 4863
 4864
 4873
 4875
 4876
 1801
 1807
 1810
 1814
 1815
 1819
 1820
 2651
 2655
 7441
 7443
 7444
 7445
 7448
 7449
 7450
 7453
 7456
 7457
 2452
 2453
 2455
 2466
 2468
 2472
 2611
 2612
 2615
 145
 155
 89
 93
 97
 6392
 6393
 6394
 6395
 6397
 6398
 6399
 6400
 6401
 6403
 6404
 6405
 6406
 6407
 6408
 6409
 6410
 6411
 6412
 6413
 6414
 6415
 6416
 6417
 6418
 6419
 6420
 6421
 6422
 6423
 7837
 7841
 7847
 7849
 7851
 7853
 7855
 7856
 7857
 7858
 7859
 7860
 7861
 13872
 13873
 13874
 13875
 13876
 13877
 13878
 13879
 13880
 13881
 13882
 13883
 13884
 13885
 13886
 13887
 12687
 12700
 12701
 12357
 12361
 12365
 12366
 12367
 12380
 9310
 9311
 9312
 9314
 9318
 9319
 9320
 9321
 9324
 9325
 9328
 9332
 22
 7970
 7971
 7972
 7973
 7974
 7975
 7977
 7980
 193
 201
 2493
 2498
 2501
 2502
 2509
 2510
 2735
 2736
 2740
 2742
 2743
 2745
 2746
 2747
 2748
 2749
 2750
 2751
 2752
 2753
 2754
 2755
 2756
 2757
 2758
 2764
 13762
 13764
 13765
 13766
 13767
 13768
 13769
 13770
 13771
 13772
 13774
 13775
 13776
 13777
 13778
 13779
 13780
 13782
 13783
 13784
 13786
 13788
 13789
 13790
 13791
 13792
 13793
 12196
 12212
 12213
 7191
 7192
 7193
 7194
 7195
 7196
 7197
 7206
 7208
 7215
 1771
 8181
 8182
 8191
 8192
 8203
 8207
 8209
 8211
 5001
 5004
 5005
 5007
 5011
 5013
 5018
 478
 493
 424
 432
 4817
 4818
 4819
 4820
 4822
 4825
 4826
 4827
 4833
 4834
 4837
 4838
 4840
 4846
 917
 921
 922
 923
 925
 931
 932
 7004
 7008
 7017
 712
 713
 727
 12349
 12350
 12353
 594
 627
 7670
 7671
 7675
 7679
 7681
 7682
 7684
 7685
 7686
 7688
 7692
 7695
 7696
 13388
 13395
 13400
 13404
 13408
 13409
 13410
 13411
 13412
 13414
 13415
 13416
 13417
 13418
 378
 392
 7062
 7063
 7071
 7075
 7088
 7089
 1715
 1721
 2698
 2704
 7503
 7510
 7525
 754
 756
 764
 767
 768
 3281
 3282
 3283
 3284
 3285
 3286
 3287
 3290
 3296
 3297
 3298
 3299
 3301
 3302
 3303
 6296
 6299
 6300
 6305
 6306
 6307
 6308
 6310
 6311
 6312
 6313
 6314
 6315
 6316
 6319
 6322
 6323
 6324
 6325
 6326
 12780
 12784
 12789
 12790
 12791
 12792
 12793
 12794
 12796
 12797
 12798
 12799
 12804
 12806
 8725
 8731
 8732
 8733
 8734
 8735
 8737
 8738
 8741
 8742
 11025
 11026
 11027
 11028
 11029
 11030
 11031
 11032
 11033
 11034
 11035
 11036
 11037
 11038
 11039
 11041
 11042
 11044
 11045
 11046
 11047
 11048
 11049
 11050
 11051
 11052
 11053
 11054
 11055
 11056
 12622
 12623
 12625
 12626
 12627
 12632
 12636
 12645
 12646
 12649
 12651
 107
 108
 9199
 9202
 9208
 9220
 9221
 3201
 3202
 3204
 3205
 3206
 3207
 3208
 3209
 3211
 3212
 3213
 3214
 3215
 3217
 3218
 3219
 3220
 3221
 3222
 3223
 3224
 3225
 3226
 3228
 7770
 7775
 7776
 7778
 7779
 513
 523
 9025
 9027
 43
 45
 59
 8926
 8929
 8932
 8938
 8939
 8940
 8941
 8943
 8944
 3421
 3422
 3423
 3424
 3425
 3426
 3427
 3428
 3429
 3430
 3431
 3432
 3433
 3434
 3436
 3437
 3438
 3439
 3445
 2816
 2831
 2832
 2833
 6217
 6219
 6220
 6229
 6237
 14096
 14097
 14098
 14099
 14100
 14101
 14102
 14103
 14104
 14105
 14106
 14107
 14108
 14109
 14110
 14111
 14112
 14113
 14114
 14115
 14116
 14117
 14118
 14119
 14120
 14121
 14122
 14123
 14124
 14125
 14126
 14127
 12939
 12941
 12942
 12945
 12946
 12947
 544
 550
 555
 563
 13623
 13624
 13625
 13626
 13627
 13628
 13629
 13630
 13631
 13632
 13633
 13635
 13636
 13637
 13638
 13639
 13640
 13641
 13652
 13159
 13160
 13161
 13162
 13163
 13164
 13165
 13166
 13167
 13168
 13169
 13171
 13173
 13175
 13178
 13179
 13180
 13181
 13183
 13184
 13186
 1422
 1424
 1425
 1426
 1428
 1430
 1431
 1432
 1434
 1435
 1436
 1438
 1442
 1445
 1446
 1447
 1448
 1449
 1450
 1451
 5803
 5805
 5810
 5813
 5815
 8774
 8775
 8780
 8781
 8785
 8786
 8792
 8797
 7905
 7914
 7915
 7916
 7928
 7929
 12604
 12605
 12606
 12607
 12608
 12612
 12616
 12617
 12619
 8697
 8705
 8706
 8707
 8711
 8712
 8713
 8714
 8715
 8719
 8721
 8726
 8727
 7165
 7173
 7175
 7176
 7179
 7182
 7184
 811
 821
 259
 262
 266
 272
 12758
 12764
 12765
 12766
 12767
 12768
 12769
 12771
 12772
 12773
 12775
 12776
 12777
 12778
 9093
 9097
 9102
 9103
 9107
 9108
 9115
 9121
 654
 3766
 3770
 3771
 3772
 3775
 3778
 3779
 3780
 3782
 3785
 3786
 3787
 6106
 6109
 6110
 6113
 6114
 6115
 6116
 6117
 6118
 6119
 6120
 6121
 6122
 6123
 6124
 6127
 6128
 7475
 7477
 7479
 7480
 7481
 7482
 7483
 7484
 7485
 7487
 7494
 2674
 2680
 1825
 1826
 1831
 1839
 1841
 1842
 1843
 1847
 8803
 8808
 8810
 8811
 8815
 8824
 13110
 13111
 13112
 13113
 13114
 13115
 13116
 13117
 13118
 13119
 13120
 13121
 13122
 13123
 13124
 13125
 13126
 13127
 13128
 13129
 13130
 13131
 13132
 13133
 13134
 13135
 13136
 13137
 13138
 12482
 12490
 12491
 443
 457
 9062
 9063
 9064
 9065
 9066
 9067
 9068
 9069
 9070
 9071
 9072
 9075
 9076
 9078
 9079
 9080
 9081
 9082
 9083
 9087
 9088
 6671
 6679
 6685
 6686
 6687
 6692
 6696
 6697
 6701
 7931
 7932
 7933
 7934
 7935
 7936
 7937
 7947
 7181
 2551
 2553
 2554
 2561
 2565
 2575
 8314
 8315
 8317
 8329
 1050
 1051
 1062
 1063
 1064
 1065
 1070
 1073
 1074
 1078
 1079
 872
 882
 884
 12255
 12256
 12259
 12262
 12263
 12265
 12266
 12269
 12271
 12272
 12276
 12277
 12280
 12281
 2284
 2286
 8097
 8099
 8101
 8103
 8105
 8110
 5854
 5856
 5857
 5858
 5859
 5861
 5863
 5864
 5869
 5870
 5871
 5873
 5875
 5877
 5879
 5882
 5883
 5884
 8443
 8448
 8449
 8452
 8453
 8454
 8460
 8463
 8464
 8466
 1634
 1645
 5390
 5392
 5393
 5394
 5395
 5398
 5401
 5402
 5403
 5404
 5407
 13661
 13662
 13663
 13664
 13665
 13666
 13667
 13668
 13669
 13670
 13671
 13672
 13673
 13674
 13675
 13676
 13677
 13678
 13679
 13680
 13681
 13682
 13683
 13684
 13685
 13686
 224
 225
 226
 227
 228
 229
 230
 231
 232
 233
 235
 236
 237
 238
 239
 240
 241
 242
 243
 244
 245
 246
 247
 248
 249
 250
 251
 252
 253
 254
 255
 7
 11
 13
 14
 19
 21
 24
 25
 26
 27
 28
 29
 298
 299
 300
 301
 302
 303
 304
 305
 306
 308
 309
 310
 311
 312
 313
 314
 315
 316
 317
 318
 319
 320
 321
 322
 323
 324
 325
 326
 327
 328
 329
 systemd-journald[3102
 67
 68
 69
 70
 71
 72
 73
 75
 76
 81
 82
 83
 84
 85
 86
 87
 88
 89
 90
 91
 92
 93
 94
 95
 96
 97
 98
 1
 2
 3
 4
 5
 6
 7
 8
 9
 10
 11
 12
 13
 14
 15
 17
 19
 20
 21
 22
 23
 24
 25
 26
 27
 28
 29
 30
 31
 268
 271
 274
 275
 276
 277
 278
 279
 280
 281
 283
 284
 286
 293
 294
 295
 296
 297
 260
 261
 263
 264
 265
 266
 267
 1087
 1088
 1089
 1090
 1092
 1093
 1094
 1096
 1098
 1100
 1103
 1105
 1106
 1107
 1109
 1112
 1132
 1138
 1143
 1154
 1157
 1158
 systemd-journald[3102
 2417
 2419
 2422
 2428
 2429
 2430
 2431
 2432
 2433
 2434
 2435
 2436
 2443
 2445
 systemd-journald[3102
 2212
 2213
 2214
 2215
 2216
 2217
 2218
 2219
 2220
 2221
 2222
 2223
 2224
 2225
 2226
 2228
 2229
 2230
 2231
 2232
 2233
 2234
 2235
 2236
 2237
 2238
 2242
 3078
 3081
 3083
 3085
 3088
 3089
 3090
 3092
 3093
 3094
 3097
 3102
 3103
 3105
 3106
 3107
 3108
 systemd-journald[3102
 803
 804
 924
 935
 936
 937
 938
 939
 940
 941
 943
 944
 946
 947
 951
 systemd-journald[3102
 1467
 1468
 1469
 1482
 3335
 3344
 3346
 3347
 3348
 3350
 3354
 3357
 3359
 3363
 3365
 systemd-journald[3102
 2964
 2966
 2969
 2972
 2974
 2975
 2977
 2978
 2980
 2981
 2982
 2983
 2984
 2985
 2987
 2988
 2989
 systemd-journald[3102
 5718
 5719
 5720
 5721
 5722
 5723
 5724
 5725
 5726
 5727
 5731
 systemd-journald[3102
 13357
 13358
 13361
 13364
 13365
 13372
 13373
 13377
 13378
 systemd-journald[3102
 12110
 12111
 12112
 12114
 12115
 12116
 12117
 12118
 12119
 12120
 12121
 12122
 12123
 12125
 12126
 12127
 12128
 12130
 12131
 12132
 12137
 12140
 12141
 systemd-journald[3102
 13488
 13494
 13495
 13496
 13498
 13499
 13500
 13501
 13502
 13503
 13504
 13505
 13506
 13507
 13508
 13511
 2371
 2377
 2378
 2379
 2386
 2387
 2388
 2393
 2396
 2399
 6636
 6648
 6651
 6652
 6653
 5063
 5066
 5067
 5071
 5074
 5078
 5085
 5086
 1121
 2515
 2518
 2524
 2533
 306
 307
 3177
 3182
 3189
 1689
 1690
 1693
 1694
 1695
 1696
 1697
 1698
 1699
 1701
 1702
 1705
 1706
 1712
 1713
 348
 350
 355
 357
 365
 368
 5969
 5972
 5975
 5978
 5979
 5981
 5982
 5993
 5909
 5910
 5911
 5912
 5913
 5914
 5915
 5916
 5917
 5918
 5921
 5922
 5923
 5924
 5925
 5926
 5927
 5929
 5932
 34168478732
 23123032779
 34359738364
 38
 34168477136
 251
 23123032778
 23123032781
 23123032777
 259
 448
 23123037810
 23123037817
 23123037804
 23123038175
 23123038239
 23123038248
 23123038253
 23123038221
 23123038055
 23123038177
 23123038250
 23123038230
 23123038102
 23123038101
 23123038247
 23123037805
 23123038235
 23123038241
 23123038245
 23123038429
 23123032780
 34359738363
 23123038229
 23123038222
 23123038385
 23123038252
 23123038255
 23123038240
 23123038244
 23123038422
 23123038224
 23123038237
 23123038256
 23123038249
 23123038421
 23123038251
 23123038194
 23123038254
 23123038238
 23123038084
 23123038236
 23123038074
 23123038232
 23123038412
 23123038430
 23123038243
 23123038431
 23123038246
 23123038428
 23123038226
 23123037799
 23123037816
 23123038433
 449
 23123038233
 23123038231
 23123038386
 23123038432
 23123037832
 34168477135
 23123038169
 253
 23123038228
 23123038434
 23123038427
 23123037809
 23123037990
 23123037819
 23123038225
 23123038227
 23123038234
 23123038411
 23123037820
 23123038195
 23123038420
 23123038176
 23123038361
 23123038001
 23123038223
 23123038180
 23123037807
 23123037801
 1
 2
 3
 4
 5
 6
 7
 8
 9
 10
 11
 12
 13
 14
 15
 16
 17
 18
 19
 21
 22
 23
 24
 25
 26
 27
 28
 29
 30
 31
 6927
 6928
 6930
 6931
 6932
 6933
 6934
 6935
 6936
 6937
 6938
 6939
 6940
 6941
 6942
 6943
 6944
 6945
 6946
 6947
 6948
 6949
 6950
 6951
 6952
 6953
 6954
 6955
 6956
 6957
 6958
 474
 487
 1358
 1359
 1360
 1362
 1365
 1369
 1371
 8388
 8401
 8403
 8408
 8214
 8217
 8219
 8220
 8221
 8226
 8227
 7209
 7210
 7220
 7221
 7222
 7226
 7227
 7228
 7229
 7230
 13523
 13525
 13527
 13528
 13536
 13537
 13539
 13543
 34168478762
 34168478758
 34168478759
 1
 2
 3
 4
 5
 6
 7
 8
 9
 10
 11
 12
 13
 14
 15
 16
 17
 18
 19
 20
 21
 22
 23
 24
 25
 26
 27
 28
 29
 30
 31
 43
 1
 2
 3
 4
 3
 1
 2
 3
 4
 5
 6
 7
 8
 9
 10
 11
 12
 13
 11
 7104
 7105
 7106
 7117
 7118
 7120
 7125
 7128
 7130
 2577
 2579
 2586
 2587
 2588
 2589
 2591
 2592
 2593
 2595
 2597
 2599
 2605
 2606
 8604
 8605
 8606
 8607
 8608
 8610
 8612
 8613
 8614
 8615
 8616
 8617
 8618
 8619
 8620
 8624
 8626
 8627
 8629
 8630
 8634
 7697
 7698
 7700
 7701
 7702
 7703
 7704
 7705
 7706
 7707
 7708
 7710
 7713
 7714
 7717
 1502
 1507
 1513
 1519
 1524
 7604
 7610
 7617
 7621
 7622
 7623
 7626
 7627
 7628
 5885
 5887
 5888
 5889
 5890
 5891
 5892
 5894
 5895
 5896
 5897
 5898
 5899
 5900
 5901
 5902
 5903
 5904
 5905
 5906
 5908
 2852
 2855
 2865
 2887
 2890
 2891
 2893
 2894
 2896
 2897
 2898
 2900
 2901
 2902
 2903
 2905
 6980
 6981
 6982
 6983
 6988
 6989
 6990
 6993
 6996
 6997
 6998
 6999
 7003
 7007
 8010
 8011
 8012
 8013
 8014
 8015
 8016
 8017
 8018
 8019
 8021
 3651
 3652
 3656
 3657
 3658
 3659
 3660
 3661
 3662
 3663
 3664
 3665
 3666
 3667
 3668
 3669
 3670
 3671
 785
 13888
 13889
 13890
 13891
 13892
 13893
 13894
 13895
 13896
 13897
 13898
 13899
 13900
 13901
 13902
 13903
 13904
 13905
 3014
 3016
 3018
 3025
 3027
 3781
 3783
 3794
 3795
 3797
 3798
 1585
 1587
 1588
 1592
 1593
 1594
 1595
 1597
 1599
 1601
 3318
 3320
 3321
 3323
 3324
 3325
 3326
 3327
 3328
 3329
 3330
 3331
 3332
 3333
 3334
 3336
 546
 551
 13951
 13952
 13953
 13955
 13956
 13957
 13958
 13959
 13961
 13962
 13963
 13964
 13965
 13966
 13967
 13968
 13969
 13971
 13972
 13973
 13975
 13976
 13977
 13978
 13979
 13980
 13981
 13982
 856
 859
 860
 13421
 13422
 13423
 13425
 13426
 13427
 13429
 503
 8728
 8729
 8730
 5694
 5695
 5697
 5698
 5699
 5700
 5705
 5706
 5707
 5708
 5709
 5711
 5712
 5713
 5714
 5130
 5135
 5139
 5140
 5141
 5156
 3469
 3470
 3471
 3472
 3474
 3475
 3476
 3480
 3482
 3484
 3485
 3487
 3488
 3489
 3490
 3494
 13462
 13463
 13464
 13465
 13466
 13467
 13468
 13469
 13470
 13471
 13472
 13473
 13475
 13476
 13477
 13478
 13479
 13482
 13483
 13484
 13487
 1604
 1605
 1606
 1608
 1610
 1620
 5570
 5573
 5574
 5577
 5578
 5581
 5582
 5583
 5584
 5585
 5586
 5591
 7283
 7284
 7285
 7287
 7288
 7289
 7292
 2961
 2976
 2979
 14128
 14129
 14130
 14131
 14132
 14133
 14134
 14135
 14136
 14137
 14138
 14139
 14140
 14141
 14142
 14143
 14144
 14145
 14146
 14147
 14148
 14149
 14150
 14151
 14152
 14153
 14154
 14155
 14156
 14157
 14158
 14159
 12857
 12859
 12860
 12861
 12864
 12865
 13440
 13441
 13442
 13449
 13451
 13454
 13457
 13459
 8343
 8344
 8345
 8348
 8351
 8352
 8353
 8354
 8355
 8356
 8357
 8358
 1917
 1919
 1929
 9124
 9137
 9149
 3700
 3704
 3708
 3709
 3710
 3713
 3714
 3715
 3716
 3717
 13055
 13056
 13057
 13059
 13060
 13061
 13062
 13063
 13064
 13065
 13066
 13067
 13068
 13069
 13070
 13071
 13072
 2465
 2473
 2474
 2476
 2480
 2481
 2486
 2713
 2715
 2716
 2717
 2718
 2721
 2722
 2729
 2732
 2734
 2737
 7015
 7016
 7025
 7030
 7044
 1228
 1229
 1238
 1242
 1243
 1247
 1248
 1249
 1250
 1251
 1252
 1254
 1255
 1256
 1257
 33
 2289
 2290
 2297
 2298
 2299
 2302
 2316
 5302
 5310
 5311
 5315
 5318
 5319
 5320
 5322
 5323
 13698
 13700
 13701
 13702
 13703
 13704
 13705
 13706
 13707
 13709
 13710
 13711
 13715
 373
 7634
 7635
 7638
 7639
 7642
 7643
 7646
 7648
 7650
 7651
 7653
 7654
 7655
 7656
 7657
 7658
 7659
 7660
 7661
 4889
 4890
 4891
 4896
 4903
 4905
 4906
 4909
 4911
 4912
 4914
 4915
 4916
 4919
 8650
 8651
 8652
 8653
 8654
 8655
 8657
 8658
 8659
 8661
 8662
 8663
 8664
 8665
 8666
 8667
 8668
 8669
 8670
 8671
 8672
 8673
 8674
 8675
 5079
 5082
 5084
 5096
 9326
 9338
 2657
 2658
 2659
 2660
 2661
 2662
 2663
 2664
 2666
 2669
 2676
 2677
 5329
 5334
 5335
 5336
 5337
 5338
 5339
 5340
 5341
 5342
 5343
 5344
 5345
 5350
 5351
 5354
 5356
 6749
 6751
 6755
 6756
 6763
 6764
 6768
 6774
 6778
 12032
 12033
 12034
 12035
 12036
 12037
 12038
 12039
 12040
 12041
 12042
 12043
 12044
 12045
 12046
 12047
 12048
 12049
 12051
 12053
 12054
 12056
 12057
 12058
 12061
 12062
 12063
 6064
 6067
 6068
 6069
 6071
 6072
 6073
 6074
 6075
 6076
 6077
 6078
 6079
 6080
 6081
 6082
 6083
 6084
 6085
 6089
 6090
 7100
 7113
 7115
 7129
 13797
 13798
 13799
 13800
 13801
 13802
 13803
 13804
 13805
 13806
 13807
 13808
 13809
 13810
 13811
 13812
 13813
 13814
 13815
 13816
 13817
 13818
 13819
 13820
 13821
 13824
 13825
 13826
 13827
 13828
 2540
 2541
 2543
 2544
 2548
 2550
 2555
 4232420
 1195
 1202
 1204
 1205
 1208
 1209
 1210
 1211
 1213
 1216
 1217
 1218
 1223
 1224
 60
 63
 5460
 5461
 5462
 5463
 5464
 5467
 5471
 5475
 5476
 5477
 5482
 5483
 5487
 5488
 398
 400
 9733
 9734
 9735
 9736
 9737
 9739
 9740
 9741
 9743
 9744
 9745
 9749
 9750
 9751
 9752
 9753
 9754
 9755
 9756
 9757
 9758
 9759
 9760
 9761
 9762
 9763
 9764
 668
 671
 677
 679
 7994
 7995
 7996
 7999
 8000
 8002
 8003
 8004
 8006
 8007
 12086
 12089
 12090
 12091
 12092
 12093
 12094
 12095
 12096
 12097
 12098
 12099
 12100
 12101
 12102
 12103
 12104
 12105
 12106
 12107
 12108
 12109
 5423
 5425
 5434
 5435
 5439
 5441
 5443
 5444
 5448
 5449
 5450
 5451
 5452
 5454
 6495
 6500
 6501
 6502
 6503
 6504
 6505
 6507
 6518
 6522
 12900
 12901
 12903
 12904
 12909
 12914
 12919
 9351
 9352
 9355
 9356
 9357
 9359
 9361
 9363
 9365
 9367
 9368
 9369
 9370
 2407
 2408
 2412
 2413
 2414
 2418
 2423
 2425
 2427
 2438
 6529
 6530
 6537
 6541
 6542
 6543
 6545
 6546
 6551
 6554
 6557
 7244
 7245
 7247
 7248
 7249
 7250
 7251
 7252
 7255
 7264
 7266
 7079
 7080
 7082
 7083
 7086
 7090
 7093
 7094
 7095
 8788
 8798
 8801
 8802
 8804
 8806
 8807
 572
 592
 7780
 7781
 7791
 7792
 7793
 7795
 7801
 7803
 7805
 8945
 8946
 8947
 8948
 8950
 8951
 8952
 8953
 8954
 8955
 8956
 8957
 8958
 8959
 127
 2812
 2813
 2821
 2822
 9142
 9150
 9153
 9155
 9157
 9158
 9160
 9161
 9162
 9163
 9165
 9167
 1816
 1817
 1818
 1823
 1824
 1827
 5998
 5999
 6000
 6001
 6002
 6003
 6004
 6005
 6006
 6007
 6008
 6010
 6011
 6012
 6013
 6014
 6015
 6016
 6017
 6023
 6026
 691
 703
 707
 9171
 9173
 9174
 9175
 9179
 9180
 9181
 9183
 9184
 9187
 9192
 9193
 9194
 6826
 6830
 6832
 6833
 6834
 6835
 6838
 6839
 6840
 6842
 6843
 6846
 6856
 6857
 5253
 5254
 5255
 5256
 5257
 5259
 5260
 5261
 5262
 5263
 5264
 5265
 5266
 5267
 5268
 5269
 5270
 5271
 5272
 5273
 5274
 5275
 5276
 5277
 5281
 5284
 13568
 13570
 13571
 13578
 13579
 13580
 13581
 5041
 5048
 5051
 5064
 5152
 5153
 5154
 5157
 5160
 5161
 5164
 5166
 5167
 5628
 5629
 5636
 5637
 5639
 5640
 5641
 5652
 7523
 7527
 7530
 7531
 7535
 7537
 7538
 7539
 7540
 7541
 7543
 7544
 1350
 1351
 1352
 1353
 1366
 1378
 8838
 8842
 8846
 8847
 8848
 8849
 8850
 8851
 8852
 8853
 8854
 8856
 8857
 8858
 8859
 8860
 8861
 8862
 8863
 8864
 8865
 8866
 8867
 8868
 8869
 2839
 2840
 2841
 2843
 2844
 2845
 2846
 2848
 7035
 7036
 7037
 7039
 7042
 7043
 7050
 7051
 192
 13044
 13046
 13047
 13049
 13050
 13051
 13053
 13054
 3498
 3499
 3500
 3501
 3502
 3505
 3506
 3507
 3509
 3512
 3515
 3519
 3520
 2398
 2402
 6675
 6678
 6681
 6689
 91
 94
 1164
 1165
 1167
 1169
 1171
 1178
 13296
 13298
 13300
 13302
 13303
 13307
 13310
 13311
 13314
 13322
 13727
 13728
 13729
 13730
 13731
 13732
 13733
 13734
 13735
 13736
 13737
 13739
 13740
 13741
 13742
 13743
 461
 475
 7392
 7393
 7394
 7395
 7396
 7397
 7398
 7399
 7401
 7402
 7403
 7404
 7405
 7408
 7409
 7410
 7411
 7413
 3095
 3096
 3098
 3099
 3101
 3104
 3109
 3114
 3115
 3116
 3117
 3118
 3119
 3120
 3121
 3122
 3123
 3124
 9400
 9401
 9402
 9403
 9404
 9405
 9406
 9407
 9408
 9409
 9410
 9411
 9416
 9417
 9418
 9419
 9420
 9421
 9422
 9423
 9424
 9425
 9426
 9427
 9428
 9429
 9430
 9431
 13718
 13719
 13720
 13722
 13723
 13724
 13725
 240
 242
 214
 221
 3227
 3229
 3230
 3231
 3232
 3233
 3234
 3235
 3236
 3238
 3239
 3240
 3242
 3244
 3246
 3247
 3248
 3249
 5592
 5593
 5594
 5595
 5596
 5600
 5601
 5602
 5603
 5605
 5606
 5607
 5608
 5610
 5611
 5612
 5619
 5620
 7881
 7885
 7887
 6559
 6560
 6565
 6568
 6570
 6571
 6575
 6582
 6583
 7138
 7140
 7142
 7143
 7146
 7147
 7148
 7151
 7153
 7154
 7155
 7156
 7157
 7160
 7161
 7163
 7164
 8271
 8272
 8273
 8274
 8275
 8277
 8287
 8288
 8289
 4771
 4772
 4773
 4774
 4775
 4776
 4777
 4778
 4779
 4780
 4781
 4782
 4783
 4784
 4785
 4786
 4787
 4788
 4789
 4790
 4792
 4794
 4795
 4799
 12584
 12585
 12587
 12588
 12590
 12591
 12594
 12595
 13983
 13984
 13985
 13986
 13987
 13988
 13989
 13990
 13991
 13992
 13993
 13995
 4958
 4959
 4960
 4963
 4968
 4971
 4972
 4973
 4974
 4976
 7712
 5493
 5494
 5497
 5498
 5502
 5512
 12805
 12808
 12811
 12815
 12816
 12817
 12818
 12819
 12820
 7422
 7423
 7424
 7425
 7426
 7427
 7428
 7430
 7431
 7433
 7434
 7435
 7436
 7437
 7438
 12833
 12834
 12835
 12836
 5361
 5362
 5363
 5364
 5365
 5366
 5367
 5368
 5369
 5371
 5372
 5373
 5374
 5375
 5376
 5377
 5378
 5380
 5381
 5383
 834
 3628
 3630
 3631
 3632
 3634
 3636
 3637
 3638
 3644
 3645
 2938
 2939
 2940
 2941
 2942
 2943
 2944
 2945
 2946
 2947
 2948
 2949
 2950
 2952
 2954
 2959
 3678
 3679
 3681
 3682
 3683
 3684
 3685
 3686
 3687
 3688
 3689
 3690
 3691
 3692
 3693
 3694
 3695
 3696
 3697
 3698
 3699
 3701
 3702
 3703
 3050
 3052
 3054
 3057
 3061
 3062
 3065
 3066
 3067
 3069
 3072
 3073
 3079
 3080
 5621
 5623
 3267
 3268
 3270
 3271
 3273
 3274
 3275
 3276
 3277
 3278
 3279
 3280
 3288
 3289
 3291
 3292
 5155
 5158
 5159
 5165
 5168
 5169
 5170
 5171
 5172
 5175
 5178
 5181
 5182
 5183
 5184
 13996
 13997
 13998
 13999
 14000
 14001
 14002
 14003
 14004
 14005
 14006
 14007
 14008
 14009
 14010
 14011
 14012
 14013
 14014
 985
 986
 991
 992
 993
 994
 995
 996
 998
 999
 1001
 1002
 1006
 1008
 1010
 1011
 1013
 13230
 13239
 13244
 13245
 13247
 13248
 13249
 13252
 13254
 13255
 13256
 13257
 13258
 13259
 9345
 9347
 9350
 9371
 9372
 9373
 9374
 9375
 9376
 13074
 13075
 13079
 13081
 13082
 13083
 13084
 13085
 13088
 322
 331
 13552
 13553
 13554
 13555
 13556
 13558
 13563
 13567
 1846
 1848
 1851
 1853
 1854
 1859
 1863
 1871
 1527
 1529
 1531
 1532
 1533
 1534
 1536
 1537
 1549
 1551
 5012
 5015
 5016
 5017
 5019
 5024
 5027
 5028
 5029
 5030
 5031
 5032
 5033
 5034
 8989
 9001
 9016
 6908
 6909
 6911
 6912
 6913
 6920
 6921
 6922
 6923
 6924
 6925
 2326
 2329
 2333
 2336
 2340
 2342
 2345
 2346
 2354
 5134
 5136
 5137
 5142
 5144
 5145
 5146
 5147
 5150
 1833
 1834
 1835
 1837
 2761
 2762
 2766
 2767
 2768
 2770
 2772
 2773
 2774
 2777
 7580
 7590
 7591
 7596
 7597
 7602
 7611
 1752
 1753
 1754
 1755
 1757
 1760
 1761
 1763
 1765
 1766
 1767
 1770
 12210
 12214
 12220
 12222
 12225
 12229
 12230
 12240
 6238
 6239
 6240
 6244
 6246
 6247
 6250
 6253
 6257
 6258
 9024
 9026
 9028
 9030
 9031
 9032
 9035
 9037
 9038
 9039
 9041
 2446
 2448
 2454
 2456
 2457
 2458
 2459
 2460
 2462
 12050
 12060
 12064
 12065
 14160
 14161
 14162
 14163
 14164
 14165
 14166
 14167
 14168
 14169
 14170
 14171
 14172
 14173
 14174
 14175
 14176
 14177
 14178
 14179
 14180
 14181
 14182
 14183
 14184
 14185
 14186
 14187
 14188
 14189
 14190
 14191
 12674
 12684
 12694
 3580
 3582
 3583
 3586
 3590
 3591
 3592
 3593
 3594
 3595
 3596
 3600
 3601
 3608
 3609
 12254
 12257
 12258
 12260
 12264
 12268
 12270
 12273
 12274
 12275
 12278
 12279
 12283
 7465
 7469
 7476
 7488
 7489
 7490
 7491
 8677
 8678
 8679
 8680
 8681
 8682
 8683
 8684
 8685
 8687
 8688
 8689
 8690
 8691
 8694
 8695
 8696
 8701
 8702
 8704
 7742
 7743
 7744
 7745
 7746
 7747
 7748
 7749
 7750
 7751
 7752
 7753
 7754
 7755
 7756
 7758
 7759
 7760
 7761
 7766
 7772
 2738
 2739
 1658
 1668
 1671
 1672
 1673
 1674
 1676
 1677
 1678
 1679
 1680
 1681
 1682
 1683
 1684
 1685
 1687
 1688
 12359
 12360
 12364
 12368
 12370
 12371
 12372
 12926
 12928
 12930
 12931
 12935
 12940
 12943
 13139
 13140
 13141
 13142
 13143
 13144
 13145
 13146
 13147
 13148
 13149
 13150
 13152
 13154
 13155
 13157
 13158
 1619
 1621
 1627
 1631
 1635
 1637
 1639
 1640
 1644
 1650
 13197
 13198
 13199
 13200
 13201
 13213
 13215
 13227
 1
 604
 611
 6851
 13749
 13760
 13761
 13763
 13773
 13794
 13795
 13796
 5358
 5359
 5360
 5384
 5385
 5386
 626
 628
 8049
 8051
 8052
 8053
 8054
 8055
 8056
 8057
 8058
 8059
 8060
 8061
 8062
 8063
 8067
 8069
 8070
 1651
 1652
 1653
 6767
 6775
 6779
 6780
 6782
 6783
 6785
 6793
 6794
 6798
 6871
 6880
 6881
 6883
 6887
 6889
 6893
 6894
 6895
 7006
 7021
 13906
 13907
 13908
 13909
 13910
 13911
 13912
 13913
 13914
 13915
 13916
 13917
 13918
 13919
 13920
 13921
 13922
 13923
 13924
 13925
 13926
 13927
 13928
 13929
 13930
 13932
 13933
 13934
 3799
 3800
 3801
 3802
 3803
 3804
 3805
 3806
 3807
 3808
 3809
 3810
 3811
 3812
 3813
 3814
 3815
 3816
 3817
 3082
 3084
 3091
 7962
 7967
 7968
 13642
 13643
 13644
 13645
 13646
 13648
 13649
 13650
 13651
 13653
 13654
 13655
 13656
 13657
 13658
 13659
 12160
 12162
 12163
 12164
 12166
 12167
 12169
 12172
 12173
 12174
 12178
 12179
 12180
 12181
 12183
 12184
 1188
 1189
 1191
 1193
 9045
 9046
 9047
 9048
 9049
 9050
 9051
 9052
 9053
 9054
 9055
 9056
 9057
 9058
 9059
 9060
 9061
 5987
 5992
 5994
 5995
 5997
 12770
 12781
 12785
 12788
 9073
 9074
 9077
 9085
 9089
 9092
 13399
 13406
 13413
 12952
 12955
 12960
 12961
 12962
 12965
 12966
 2697
 2702
 2711
 2712
 4922
 4930
 4934
 4935
 4938
 4940
 4942
 4943
 4945
 4946
 2851
 2861
 1374
 1376
 1383
 1384
 1389
 1390
 1391
 1393
 1394
 1395
 1396
 1398
 1080
 1083
 1084
 1085
 1086
 1091
 1095
 1097
 3736
 3738
 3739
 3740
 3741
 3742
 3747
 3748
 3750
 3752
 3755
 3761
 3762
 3764
 3765
 5728
 5729
 5730
 5732
 5733
 5734
 5735
 5736
 5737
 5738
 5739
 5740
 5741
 5743
 5744
 5746
 5749
 10067
 10068
 10069
 10070
 10071
 10072
 10073
 10074
 10075
 10076
 10077
 10079
 10083
 10084
 10085
 10086
 10087
 10088
 10089
 10090
 10091
 10092
 10093
 10094
 10095
 10096
 10097
 10098
 2678
 2681
 2682
 900
 6380
 6381
 6383
 6384
 6385
 6386
 6387
 6388
 6389
 6390
 6391
 6392
 6393
 6395
 6396
 7057
 7060
 7061
 7062
 7063
 7064
 7065
 7066
 7067
 7068
 7069
 7070
 7073
 7074
 7076
 7087
 1429
 1433
 1437
 1444
 1877
 1884
 1888
 1892
 1893
 1896
 11077
 11078
 11079
 11080
 11081
 11082
 11083
 11084
 11085
 11086
 11088
 11089
 11093
 11094
 11095
 11096
 11097
 11098
 11099
 11100
 11101
 11102
 11103
 11104
 11105
 11106
 11107
 11108
 556
 2602
 2603
 2607
 2609
 2616
 8916
 8917
 8918
 8919
 8920
 8921
 8922
 8923
 8924
 8925
 8927
 8928
 8930
 8931
 8934
 8935
 8936
 8937
 8942
 9170
 9177
 1123
 1130
 1131
 1772
 1773
 1776
 1784
 1785
 1786
 1788
 776
 777
 781
 933
 934
 942
 949
 950
 2239
 2240
 2241
 2243
 2244
 2245
 2247
 2250
 2252
 2253
 2254
 2257
 2258
 2260
 2264
 2265
 2266
 2267
 8146
 8147
 8148
 8149
 8153
 8155
 8156
 8158
 8159
 8160
 8161
 8162
 8163
 8168
 8169
 8171
 8174
 8175
 8176
 12202
 12203
 12204
 12205
 12206
 12207
 12208
 12218
 12223
 12224
 12226
 12227
 13829
 13830
 13831
 13832
 13833
 13834
 13835
 13836
 13837
 13838
 13839
 13840
 13841
 13842
 13843
 13844
 6149
 6150
 6151
 6152
 6153
 6154
 6156
 6157
 6158
 6160
 6161
 6162
 6163
 6164
 6165
 6166
 6167
 6169
 6172
 6173
 6178
 7826
 7827
 7830
 7831
 7832
 7833
 7834
 7836
 7838
 7839
 7840
 7842
 7844
 7852
 5065
 5072
 5081
 5083
 5091
 3442
 3443
 3444
 3446
 3448
 3449
 3450
 3456
 3457
 3459
 3462
 3463
 3465
 3466
 3467
 3468
 8997
 8999
 12066
 12067
 12069
 299
 300
 308
 12500
 12502
 12503
 12504
 12506
 12507
 12508
 12509
 12510
 12511
 12512
 12513
 12514
 12515
 12516
 12517
 6018
 6020
 6021
 6022
 6033
 6034
 6039
 6040
 7026
 7028
 7054
 7056
 12699
 12704
 12707
 12708
 12710
 12711
 12712
 12713
 4232424
 5799
 5801
 5802
 5812
 5814
 5819
 5820
 5822
 5824
 5825
 5752
 5753
 5754
 5757
 5758
 5759
 5760
 5762
 5763
 5765
 5766
 5767
 375
 13182
 13187
 13189
 13190
 13191
 13193
 13194
 13195
 13196
 418
 2321
 2323
 2327
 2338
 2556
 2557
 2559
 2563
 2564
 2566
 2567
 2568
 2576
 2581
 2582
 7133
 7134
 7137
 7144
 7158
 7159
 7709
 7711
 7723
 7725
 12287
 12288
 12290
 12291
 12293
 12297
 12299
 12300
 12301
 12303
 12304
 12305
 12306
 12307
 9217
 9218
 9219
 9225
 9226
 9229
 9231
 9233
 9234
 9239
 9242
 9243
 9248
 5505
 5514
 5515
 5516
 5518
 5519
 5521
 5522
 5523
 5524
 5525
 5526
 5529
 5530
 10735
 10736
 10737
 10738
 10739
 10740
 10741
 10742
 10743
 10744
 10745
 10747
 10748
 10751
 10752
 10753
 10754
 10755
 10756
 10757
 10758
 10759
 10760
 10761
 10762
 10763
 10764
 10765
 10766
 9110
 9111
 9112
 9118
 9120
 9123
 9125
 9126
 9129
 3473
 3477
 3486
 3496
 3497
 3504
 5104
 5107
 5108
 5109
 5110
 5117
 5118
 5119
 5120
 5122
 5123
 5125
 5126
 5127
 5128
 5129
 5131
 5192
 5193
 5194
 5195
 5196
 5203
 5208
 5212
 5214
 5216
 5218
 5219
 5220
 5221
 5223
 7232
 7242
 7243
 7246
 7253
 7254
 7258
 7261
 2921
 2924
 2925
 2926
 2927
 2928
 2929
 2930
 2931
 2932
 2933
 2934
 2935
 2936
 2937
 2951
 2694
 2695
 2696
 2706
 2710
 8286
 8290
 8292
 8293
 8294
 8295
 8296
 8297
 8298
 8299
 8301
 8302
 8303
 8304
 8305
 8306
 8307
 8308
 8309
 8310
 8498
 8499
 8500
 8501
 8503
 8504
 8506
 8507
 8508
 8509
 8511
 8512
 8513
 8514
 8515
 8516
 8517
 8519
 8520
 8521
 8522
 8523
 8524
 8526
 8527
 8528
 8529
 4858
 4865
 4866
 4867
 4869
 4870
 4871
 4872
 4873
 4874
 4875
 4876
 4877
 4878
 4882
 4883
 4884
 4885
 4887
 4888
 8530
 8531
 8532
 8533
 8534
 8535
 8537
 8538
 8539
 8540
 8541
 8542
 8543
 8544
 8545
 8546
 8547
 8548
 8549
 7446
 7447
 7451
 7452
 7454
 7455
 7458
 7459
 7462
 7467
 8235
 8237
 8239
 8248
 8249
 8251
 1903
 1908
 1911
 1920
 7012
 7013
 7020
 7022
 7023
 7024
 7032
 7291
 7293
 7294
 7295
 7296
 7297
 7298
 7299
 7300
 7301
 7302
 7303
 7304
 7305
 7306
 7307
 7308
 7309
 7310
 7311
 7313
 7314
 7315
 7316
 7317
 1142
 1156
 2097
 2098
 2099
 2100
 2101
 2102
 2103
 2104
 2105
 2106
 2107
 2108
 2109
 2110
 2111
 2112
 2113
 2114
 2115
 2117
 2118
 2119
 2120
 2121
 2122
 2123
 2124
 2125
 2126
 2127
 2128
 320
 8129
 8130
 8132
 8133
 8138
 8139
 8140
 8141
 8142
 8143
 8144
 8150
 8152
 8154
 8157
 14192
 14193
 14194
 14195
 14196
 14197
 14198
 14199
 14200
 14201
 14202
 14203
 14204
 14205
 14206
 14207
 14208
 14209
 14210
 14211
 14212
 14213
 14214
 14215
 14216
 14217
 14218
 14219
 14220
 14221
 14222
 14223
 12727
 12733
 12739
 12740
 12741
 12742
 12743
 12744
 12748
 12756
 12757
 12186
 12187
 12188
 12189
 12190
 12192
 12195
 12196
 12197
 12198
 12199
 12200
 12201
 3536
 3537
 3538
 3539
 3540
 3543
 3544
 3545
 3546
 3547
 3548
 3550
 3551
 3552
 3553
 3555
 3556
 3559
 3560
 3561
 3562
 3563
 3564
 3565
 3566
 3567
 2268
 2271
 2276
 2277
 2282
 2285
 2287
 2288
 2291
 2292
 2293
 2294
 2295
 2296
 2818
 2819
 2820
 2838
 1790
 1791
 1805
 7850
 7854
 7862
 7864
 12624
 12629
 12630
 12631
 12633
 12637
 12638
 12639
 12640
 12641
 12643
 12648
 12652
 12653
 968
 970
 971
 972
 973
 974
 980
 5919
 5920
 5931
 5933
 5934
 7406
 7407
 7412
 7414
 7415
 7416
 7417
 7418
 7419
 7420
 7421
 2600
 2601
 2610
 2613
 2622
 2623
 2624
 2625
 2629
 2631
 4897
 4898
 4902
 4904
 4907
 4913
 6703
 6705
 6706
 6707
 6708
 6711
 6713
 6718
 6719
 6721
 6722
 6723
 6724
 6725
 6726
 6728
 6729
 6730
 6731
 6732
 6733
 12241
 12242
 12244
 12245
 12247
 12248
 12249
 12251
 12252
 12253
 3719
 3725
 3733
 3735
 3745
 13845
 13846
 13847
 273
 1722
 1723
 1730
 1735
 1737
 2505
 2506
 2507
 2514
 2520
 2526
 2527
 2529
 4752
 4753
 4754
 4755
 4757
 4758
 4759
 4760
 4761
 4762
 4763
 4764
 4765
 4767
 4768
 4770
 1686
 1692
 1700
 8096
 8102
 8104
 8106
 8111
 8113
 8114
 8115
 8117
 8119
 8120
 8121
 8126
 6564
 6569
 6576
 6577
 6580
 210
 220
 12821
 12822
 12823
 12824
 12825
 12826
 12827
 12828
 12829
 12830
 12831
 12832
 12837
 12842
 12843
 13744
 13747
 13748
 13750
 13751
 13752
 13753
 13754
 13755
 13756
 13757
 13758
 13759
 12779
 12782
 12786
 12787
 12795
 12807
 12846
 12851
 12855
 13512
 13514
 13515
 13517
 13519
 13520
 13526
 12875
 12876
 12877
 12880
 12881
 12882
 12886
 12887
 12888
 12889
 12890
 12892
 12893
 12898
 12899
 12902
 1561
 1563
 1567
 1571
 1575
 1581
 1586
 1589
 1590
 516
 520
 526
 3013
 3015
 3017
 3019
 3023
 3028
 3029
 3034
 3036
 3037
 3038
 3039
 3040
 3041
 3042
 3043
 8623
 8625
 8628
 8631
 8632
 8633
 8635
 8636
 8637
 8638
 8641
 8642
 8643
 8644
 8645
 8646
 2758
 2771
 1703
 1704
 1711
 1717
 6124
 6125
 6126
 6129
 6130
 6131
 6132
 6133
 6134
 6135
 6136
 6137
 6138
 6139
 6140
 6808
 6809
 6811
 6824
 2957
 2962
 2963
 2966
 2968
 2970
 2971
 2973
 2530
 2531
 2532
 2534
 2535
 2536
 2537
 2539
 2545
 2546
 2547
 2549
 7976
 7978
 7979
 7981
 7982
 7983
 7984
 7985
 7986
 7987
 7988
 7989
 7990
 7992
 7993
 7997
 7998
 12959
 12963
 12964
 12968
 12970
 12975
 12977
 12978
 6193
 6198
 6199
 6201
 6202
 6206
 6207
 6208
 6211
 6212
 6216
 6221
 885
 891
 8473
 8474
 8475
 8479
 8480
 8481
 8483
 8485
 8486
 8487
 8488
 8489
 8490
 8491
 8492
 8493
 8494
 8495
 9333
 9348
 9349
 9353
 11744
 11745
 11746
 11747
 11748
 11749
 11750
 11751
 11752
 11753
 11754
 11756
 11760
 11761
 11762
 11763
 11764
 11765
 11766
 11767
 11768
 11769
 11770
 11771
 11772
 11773
 11774
 11775
 10401
 10402
 10403
 10404
 10405
 10406
 10407
 10408
 10409
 10410
 10411
 10412
 10413
 10417
 10418
 10419
 10420
 10421
 10422
 10423
 10424
 10425
 10426
 10427
 10428
 10429
 10430
 10431
 10432
 13220
 13221
 13223
 13225
 13226
 13228
 13232
 13233
 13234
 13235
 7882
 7883
 7884
 7886
 7888
 7889
 7890
 7891
 7892
 7893
 7894
 7895
 7896
 7897
 7898
 7899
 7900
 7901
 7902
 7904
 7907
 7908
 7909
 7910
 7911
 640
 3767
 3775
 3777
 3779
 3780
 3782
 12319
 12324
 12330
 12331
 2303
 2304
 2306
 12532
 12533
 12536
 12538
 12540
 12543
 12544
 12548
 12560
 12563
 10683
 10684
 10685
 10686
 10687
 10688
 10689
 10690
 10691
 10692
 10693
 10694
 10695
 10696
 10697
 10698
 10699
 10701
 10702
 10703
 10704
 10705
 10706
 10707
 10708
 10709
 10710
 10711
 10712
 10713
 10714
 3452
 3460
 3464
 3111
 3113
 3125
 3126
 3127
 3128
 1012
 1014
 1016
 1017
 1018
 1021
 1023
 1031
 1033
 1034
 1035
 1038
 1039
 1041
 1042
 1043
 12979
 12980
 12981
 12983
 12985
 12988
 12989
 12990
 12991
 12993
 12995
 12996
 12997
 12998
 13001
 13003
 13004
 13028
 13029
 13031
 13032
 13033
 13035
 13036
 13037
 13038
 13042
 13043
 13052
 13058
 13312
 13313
 13315
 13319
 13323
 13326
 13329
 8346
 8349
 8359
 8360
 8361
 8363
 8364
 8366
 8367
 8372
 8373
 13445
 13447
 13448
 13450
 13452
 13453
 13455
 13456
 13458
 13460
 13461
 3129
 3130
 3131
 3132
 3134
 3135
 3136
 3138
 3139
 3140
 3141
 3818
 3819
 3820
 3821
 3822
 3823
 3824
 3825
 3826
 3827
 3828
 3829
 3830
 3831
 3832
 3833
 3834
 3835
 3836
 3837
 3838
 3840
 3841
 3842
 6141
 6142
 6143
 6144
 6145
 6146
 6147
 6958
 6959
 6960
 6961
 6964
 6965
 6966
 6967
 6969
 6970
 6971
 6973
 6974
 6976
 6977
 6978
 8177
 8178
 8179
 8180
 8183
 8185
 8186
 8187
 8190
 8191
 8193
 8194
 8195
 8198
 8200
 8201
 6255
 6259
 6260
 6261
 6262
 6263
 6264
 6265
 6266
 6267
 6268
 6269
 6272
 6275
 6278
 6279
 6280
 6283
 6284
 6285
 6286
 427
 8210
 8212
 8222
 8223
 8224
 8225
 8226
 8228
 8229
 8230
 8232
 8234
 8236
 5389
 5405
 5406
 5408
 5409
 5410
 5411
 5412
 5413
 5414
 5415
 5416
 5417
 5418
 5419
 5420
 3514
 3516
 3517
 3518
 3521
 3522
 3523
 3524
 3525
 3529
 3530
 3531
 3532
 3533
 3534
 3535
 3541
 3542
 3293
 3294
 3295
 3300
 3301
 3302
 3303
 3304
 3305
 3306
 3308
 3309
 11411
 11412
 11413
 11414
 11415
 11416
 11417
 11418
 11419
 11420
 11421
 11423
 11424
 11427
 11428
 11429
 11430
 11431
 11432
 11433
 11434
 11435
 11436
 11437
 11438
 11439
 11440
 11441
 11442
 3001
 3004
 3008
 3011
 3014
 8245
 8250
 8252
 8253
 8262
 8265
 8267
 7556
 7559
 7561
 7564
 7566
 7567
 7568
 7569
 7570
 7571
 7572
 7573
 7574
 7575
 7576
 7577
 7578
 7579
 7583
 7584
 9029
 9033
 9034
 9036
 9043
 9044
 1452
 1454
 1455
 1456
 1457
 1461
 1462
 1463
 1464
 1465
 1466
 1471
 1472
 1473
 1476
 5542
 5543
 5545
 5546
 5547
 5548
 5550
 5552
 5553
 5554
 5555
 5560
 13280
 13283
 13284
 13286
 13287
 13288
 13289
 13290
 13291
 13292
 13293
 13294
 13339
 13340
 13346
 13347
 13348
 13349
 13350
 13351
 13352
 13353
 13355
 13359
 13360
 13367
 13369
 13370
 13582
 13583
 13584
 13585
 13586
 13587
 13588
 13589
 13590
 13591
 13592
 13593
 13595
 13596
 13597
 2825
 2826
 2834
 2835
 2837
 2842
 2849
 2850
 2562
 2569
 2574
 2583
 2590
 6609
 6610
 6612
 6613
 6614
 6615
 6616
 6618
 6619
 6620
 6622
 6624
 6625
 6626
 6628
 6629
 6630
 6631
 6632
 6633
 6634
 6635
 6637
 7532
 7534
 7536
 7542
 7545
 7546
 7547
 7548
 7549
 7552
 13076
 13086
 13089
 13091
 13097
 233
 12068
 12070
 12071
 12072
 12073
 12074
 12075
 12076
 12077
 12078
 12079
 12080
 12081
 12082
 12083
 6986
 6987
 6991
 6992
 6994
 6995
 7001
 7005
 7010
 13684
 13685
 13687
 13688
 13689
 13690
 13691
 13697
 13708
 13712
 1861
 1872
 1881
 7588
 7589
 7594
 7599
 7600
 7601
 7603
 2791
 2795
 2805
 2810
 2811
 8724
 8739
 8740
 8741
 8742
 8743
 8750
 8751
 8752
 8753
 8754
 4797
 4798
 4802
 4803
 4804
 4806
 4807
 4808
 4809
 4810
 4811
 4812
 4813
 4814
 4815
 4816
 4817
 3597
 3599
 3603
 3604
 3605
 7177
 7178
 7183
 7184
 7185
 7188
 7189
 7190
 6426
 6427
 6428
 6429
 6430
 6431
 6432
 6433
 6434
 6435
 6436
 6437
 6438
 6439
 6440
 6441
 6442
 6443
 6444
 6445
 6446
 6447
 6448
 6449
 6450
 6451
 6452
 6453
 6454
 6455
 6456
 6457
 5677
 5678
 5679
 5680
 5681
 5683
 5685
 5686
 5687
 5688
 5689
 5690
 5691
 5692
 5693
 5701
 8960
 8961
 8962
 8964
 8965
 8966
 8967
 8968
 8969
 8970
 8971
 8973
 8974
 8975
 13480
 13481
 13485
 13486
 13489
 13490
 13491
 13493
 13007
 13010
 13011
 13015
 13016
 13017
 13020
 13021
 13022
 13023
 13024
 13025
 13026
 13027
 13935
 13936
 13937
 13938
 13939
 13940
 13941
 13942
 13943
 13944
 13945
 13946
 13947
 13948
 13949
 13950
 13216
 13217
 13218
 9322
 9330
 9331
 2689
 2690
 2691
 2693
 2703
 2714
 8270
 13172
 13176
 13177
 8496
 8497
 8502
 728
 6465
 6466
 6467
 6469
 6470
 6471
 6472
 6473
 6475
 6476
 6477
 6480
 6481
 6482
 6486
 8986
 8987
 8988
 8990
 8992
 8993
 8994
 8995
 8996
 8998
 9002
 9003
 9004
 9005
 9006
 9007
 9008
 9009
 9010
 9011
 9012
 9013
 9014
 9015
 9017
 2724
 2725
 2726
 2731
 7507
 7508
 7509
 7511
 7512
 7513
 7514
 7515
 7517
 7518
 7519
 7520
 7524
 7526
 7529
 3170
 3176
 3178
 3180
 3181
 3183
 3185
 3186
 3187
 3188
 3199
 12407
 12415
 12421
 12423
 12424
 12425
 12426
 12429
 12430
 12433
 855
 868
 1636
 1638
 1641
 1642
 1643
 1648
 1655
 6587
 6588
 6589
 6590
 6591
 6592
 6593
 6594
 6595
 6596
 6597
 6598
 6599
 6600
 6601
 6602
 6603
 6604
 6605
 6607
 6608
 13518
 13529
 13530
 13531
 13532
 13533
 13535
 13540
 13541
 13542
 13544
 13545
 13548
 13549
 8064
 8068
 8072
 8074
 8075
 8076
 8077
 8080
 8089
 4895
 4900
 4910
 1477
 1478
 1480
 1481
 1483
 1487
 1489
 1491
 1500
 1504
 1152
 1168
 1180
 12714
 12715
 12716
 12717
 12718
 12720
 12722
 12723
 12724
 12725
 12726
 6515
 6516
 6519
 6520
 6521
 6523
 6524
 6525
 6526
 6531
 6532
 6533
 6535
 6536
 6538
 6539
 1403
 1404
 1405
 1406
 1407
 1409
 1410
 1411
 1412
 1413
 1414
 1416
 1417
 1418
 1419
 1420
 1421
 8412
 8423
 8424
 8427
 8428
 8433
 8438
 8439
 8441
 8442
 840
 8870
 8871
 8872
 8873
 8874
 8875
 8876
 8877
 8878
 8879
 8880
 8881
 8882
 8883
 8884
 8885
 8886
 8887
 8888
 8889
 8890
 1150
 3400
 3403
 3406
 3409
 3410
 3411
 3412
 3413
 3414
 3415
 3417
 3418
 3419
 3420
 3421
 2256
 2261
 2262
 2272
 2273
 2275
 8311
 8312
 8313
 8316
 8318
 8319
 8320
 8321
 8322
 8324
 8325
 8327
 8328
 8330
 8331
 8332
 8334
 8335
 4886
 4892
 4893
 1591
 1604
 1618
 706
 7439
 7440
 7442
 164
 168
 173
 1212
 1214
 1215
 1219
 1221
 1225
 1227
 5936
 5937
 5938
 5939
 5940
 5941
 5943
 5944
 5945
 5946
 5947
 5948
 5949
 5950
 5951
 5952
 5953
 1528
 1530
 1535
 1540
 1542
 1544
 1548
 1552
 1553
 1554
 1555
 8396
 8399
 8404
 8406
 8409
 8411
 766
 771
 5866
 5867
 5872
 5874
 5876
 5878
 5880
 5893
 13428
 13430
 13431
 13436
 13437
 13438
 13439
 13443
 13444
 3310
 3311
 3312
 3313
 3314
 3315
 3316
 3317
 3319
 14224
 14225
 14226
 14227
 14228
 14229
 14230
 14231
 14232
 14233
 14234
 14235
 14236
 14237
 14238
 14239
 12813
 12814
 12838
 12839
 12840
 12844
 132
 5097
 5098
 5100
 5101
 5102
 5103
 5105
 5112
 5124
 2632
 2633
 2634
 2635
 2636
 2637
 2638
 2639
 2641
 2642
 2643
 2644
 2645
 2646
 2647
 2648
 2649
 2650
 2652
 2654
 5645
 5646
 5647
 5648
 5649
 5651
 5653
 5654
 5655
 5656
 5657
 5658
 5659
 5660
 5661
 5663
 5664
 5665
 5666
 6891
 6892
 6896
 6897
 6898
 6899
 6900
 6901
 6902
 6903
 6904
 6905
 6906
 6907
 6910
 6914
 6915
 6916
 6917
 5748
 5750
 5751
 5761
 5764
 5768
 5769
 5770
 5771
 5772
 5773
 5774
 5775
 5776
 5496
 5506
 5507
 5508
 5509
 5510
 5511
 5513
 5517
 9130
 9134
 9135
 9139
 9140
 9141
 9144
 9145
 9146
 9147
 9148
 8756
 8757
 8759
 8762
 8763
 8764
 8765
 8766
 8767
 8768
 8769
 8772
 8776
 8777
 8779
 8782
 8783
 8784
 8787
 4948
 4952
 4964
 4967
 6735
 6736
 6737
 6738
 6743
 6745
 6746
 6747
 6748
 6752
 6759
 12369
 12374
 12375
 12376
 12377
 12378
 12379
 12381
 12384
 12385
 9214
 9215
 9216
 9222
 9223
 9230
 9232
 9235
 9236
 9237
 9238
 9240
 9241
 9250
 9253
 9256
 9257
 9260
 9266
 9268
 9270
 9271
 9272
 9273
 9274
 9275
 9276
 9277
 9280
 4386
 4387
 4388
 4389
 4390
 4391
 4392
 4393
 4394
 4395
 4396
 4397
 4398
 4399
 4400
 4401
 4402
 4404
 4405
 4406
 4407
 4408
 4409
 4410
 4411
 4412
 4413
 4414
 4415
 4416
 4417
 2670
 2671
 2685
 7620
 7624
 7625
 7630
 7632
 7636
 7640
 7641
 7644
 7645
 7647
 7649
 1237
 1239
 1240
 1244
 1246
 1258
 1259
 1260
 1261
 7329
 7330
 7331
 7332
 7333
 7334
 7335
 7336
 7337
 7338
 7340
 7342
 7343
 7344
 7345
 7346
 7347
 7348
 7349
 7350
 7351
 7352
 7353
 7354
 7355
 7356
 7357
 7358
 7359
 7360
 8362
 8368
 8369
 8370
 8371
 8375
 8376
 8377
 8379
 8380
 8381
 8382
 8383
 8386
 8387
 2700
 7038
 7045
 7046
 7047
 7048
 7052
 7055
 12437
 12439
 12440
 12442
 12444
 12449
 12450
 12451
 12457
 6553
 6558
 6561
 6562
 6563
 6566
 6567
 6572
 6578
 6579
 6581
 9018
 9019
 9020
 9021
 9022
 6975
 6979
 3337
 3339
 3341
 3342
 3343
 3345
 3349
 3351
 3352
 5021
 5022
 5037
 5038
 5042
 5049
 5050
 6766
 6769
 6770
 6772
 6776
 6777
 3044
 3045
 3046
 3049
 3051
 3056
 3058
 3059
 3063
 3064
 3070
 7201
 7213
 7214
 7216
 7217
 7218
 7219
 7223
 7224
 9190
 9195
 9196
 9197
 9200
 9201
 9203
 9204
 9205
 9206
 9207
 9209
 9212
 9213
 13299
 14240
 14241
 14242
 14243
 14244
 14245
 14246
 14247
 14248
 14249
 14250
 14251
 14252
 14253
 14254
 14255
 14256
 14257
 14258
 14259
 14260
 14261
 14262
 14263
 14264
 14265
 14266
 14267
 14268
 14269
 14270
 14271
 7802
 7808
 7809
 7810
 7811
 7812
 7813
 7814
 7815
 7816
 7818
 7819
 7820
 7821
 12282
 12284
 12285
 12286
 12289
 12294
 12295
 12296
 12298
 12308
 3190
 3201
 3202
 3204
 3205
 3206
 1427
 1428
 1439
 1440
 1812
 1822
 1828
 1829
 1832
 1836
 1838
 1840
 5053
 5054
 5055
 5057
 5062
 5068
 5069
 12261
 12267
 5777
 5778
 5779
 5780
 5781
 5782
 5783
 5784
 5785
 5786
 5787
 5788
 5789
 5790
 5791
 5792
 5793
 5794
 5796
 3478
 3492
 1855
 1857
 1865
 1867
 1868
 1870
 1885
 12654
 12660
 12661
 12663
 12664
 12665
 12666
 12667
 12668
 12669
 12670
 12673
 12675
 12676
 12677
 12678
 12680
 12681
 13598
 13602
 13622
 964
 965
 966
 967
 969
 975
 979
 983
 988
 1186
 1192
 1194
 1197
 7231
 7235
 7236
 7238
 1545
 1556
 1558
 1559
 1562
 1565
 1724
 1729
 1731
 1732
 1733
 1734
 1736
 1744
 1745
 1747
 1751
 2799
 2800
 2801
 2803
 2807
 2808
 2815
 2817
 2347
 2352
 2356
 2357
 2360
 2361
 2363
 2366
 2368
 7762
 7765
 7767
 7768
 7769
 7771
 7773
 7774
 9086
 9094
 9096
 9098
 9099
 9100
 9101
 9104
 9105
 9106
 9113
 9114
 9116
 9117
 3557
 3558
 3568
 3569
 3570
 3571
 3572
 3440
 3441
 3447
 3451
 3453
 3455
 3458
 3368
 3369
 3372
 3373
 3374
 3375
 3377
 3378
 3379
 3380
 3381
 3382
 3383
 3384
 3386
 3387
 3388
 3389
 3390
 3391
 3392
 3393
 3394
 3395
 3396
 3397
 3398
 401
 411
 5818
 5826
 5830
 5831
 7139
 7141
 7149
 7150
 7152
 7166
 7167
 7168
 7169
 7170
 8173
 8184
 8189
 8196
 8197
 8202
 8203
 8204
 535
 539
 542
 13174
 13185
 13188
 7361
 7362
 7363
 7364
 7365
 7366
 7367
 7368
 7369
 7370
 7371
 7372
 7373
 7374
 7375
 5190
 5191
 5197
 5201
 5205
 5206
 5207
 5209
 5210
 5213
 5215
 14272
 14273
 14274
 14275
 14276
 14277
 14278
 14279
 14280
 14281
 14282
 14283
 14284
 14285
 14286
 14287
 14288
 14289
 14290
 14291
 14292
 14293
 14294
 14295
 14296
 14297
 14298
 14299
 14300
 14301
 14302
 14303
 7948
 7949
 7955
 7963
 7966
 7969
 9327
 9329
 9336
 9337
 9339
 9340
 9341
 13253
 13260
 13262
 13263
 13264
 13265
 13266
 13268
 13269
 13270
 7598
 7604
 7605
 7606
 7608
 7609
 7610
 7612
 7613
 7614
 7615
 7616
 7618
 7619
 6243
 6254
 6256
 3613
 3614
 3615
 3616
 3617
 3619
 3620
 3621
 3622
 3624
 3625
 3626
 3627
 3629
 3633
 3634
 3637
 3638
 3639
 3640
 3641
 3642
 3643
 3238
 3241
 3242
 3243
 3246
 3248
 3249
 3250
 3251
 3252
 3253
 3254
 3255
 3256
 4941
 4944
 4947
 4949
 4951
 4953
 4954
 4956
 4969
 4970
 6666
 6667
 6673
 6674
 6676
 6677
 6680
 6682
 6683
 6684
 6690
 6691
 6694
 6695
 6704
 6709
 6712
 6715
 6716
 6717
 7927
 7928
 7930
 7938
 7939
 7941
 7942
 7943
 7944
 7945
 7946
 12478
 12479
 12480
 12481
 12483
 12484
 12485
 12486
 12487
 12488
 12489
 12492
 12493
 12494
 12495
 12496
 12497
 12498
 12499
 12501
 236
 5073
 5075
 5076
 5077
 5087
 5088
 5090
 5092
 5094
 5095
 4823
 4824
 4828
 4829
 4830
 4831
 4832
 4835
 4836
 4838
 4839
 4841
 4842
 4843
 4844
 4845
 4847
 4848
 4850
 2381
 2384
 2391
 2404
 2406
 1110
 1111
 1113
 1117
 1119
 1122
 1126
 1137
 13008
 13009
 13012
 13013
 13014
 562
 12703
 12705
 12719
 12721
 5421
 5422
 5424
 5426
 5427
 5428
 5429
 5430
 5431
 5432
 5433
 5436
 5437
 5440
 5445
 12518
 12519
 12520
 12521
 12522
 12523
 12524
 12525
 12526
 12527
 12529
 12530
 12531
 2604
 2617
 2619
 2620
 2621
 2626
 2630
 6329
 6334
 6335
 6336
 6337
 6338
 6339
 6340
 6341
 6342
 6343
 6344
 6345
 6346
 6347
 6348
 6349
 6351
 6354
 6355
 6356
 6357
 8205
 8206
 8208
 8213
 377
 380
 387
 6919
 5008
 5009
 5010
 5014
 5020
 5023
 5026
 2482
 2483
 2484
 2485
 2487
 2488
 2489
 2490
 2491
 2492
 2494
 2495
 2497
 2499
 2500
 2503
 2508
 2511
 2512
 14027
 14029
 14030
 14031
 14032
 14033
 14034
 14035
 14036
 14037
 14038
 14039
 14040
 14041
 14042
 14043
 14044
 14045
 14046
 14047
 14048
 14049
 14050
 14051
 14052
 14053
 14054
 14056
 14057
 14058
 730
 6493
 6494
 6497
 6498
 6500
 6501
 6502
 6503
 6506
 6508
 6509
 6510
 6511
 6512
 6514
 6517
 13092
 13094
 13102
 13108
 13109
 5824
 2956
 3276
 5435
 12883
 13624
 13623
 563
 555
 550
 544
 5354
 12947
 5822
 5341
 3181
 5434
 5425
 5820
 5351
 9056
 2865
 2887
 6324
 12913
 5754
 13631
 13630
 6315
 6316
 13628
 2958
 6319
 195
 196
 2965
 13781
 5825
 5752
 6322
 1385
 5747
 13629
 9170
 197
 6323
 198
 5556
 5561
 5562
 5564
 5565
 5566
 5567
 5571
 5572
 5575
 5576
 5579
 5580
 9176
 9182
 9185
 9186
 9188
 9189
 5520
 5527
 5532
 5533
 5534
 5535
 6638
 6639
 6640
 6641
 6642
 6643
 6644
 6646
 6647
 6649
 6655
 6658
 6661
 6662
 2571
 2572
 2573
 2584
 2585
 9278
 9279
 9281
 9282
 9283
 9284
 9286
 9287
 9288
 9289
 9290
 9291
 9292
 9293
 9297
 9298
 2516
 2519
 2521
 2522
 2523
 2525
 2538
 8461
 8462
 8465
 8468
 8469
 8471
 8472
 8476
 8477
 8482
 8484
 13387
 13390
 13391
 13392
 13393
 13396
 13401
 13402
 13403
 13405
 13407
 12
 8554
 8555
 8556
 8557
 8558
 8559
 8560
 8561
 8562
 8563
 8564
 8565
 8566
 8567
 8568
 8569
 8570
 8571
 8572
 8573
 8574
 8575
 8576
 8577
 8578
 8580
 8581
 8582
 8583
 8584
 8585
 7716
 7718
 7719
 7720
 7721
 7726
 7727
 7728
 7729
 7730
 7731
 7732
 7733
 7734
 7735
 7736
 7737
 7738
 7739
 7740
 7741
 455
 2317
 2318
 2319
 2322
 2331
 2334
 2339
 2341
 2344
 12309
 12310
 12311
 12313
 12314
 12315
 12316
 12317
 12318
 12320
 12321
 12322
 12323
 5236
 5237
 5238
 5239
 5240
 5241
 5242
 5243
 5244
 5245
 5246
 5247
 5248
 5249
 5250
 5251
 5252
 5258
 5259
 12685
 12686
 12690
 12691
 12692
 12695
 12696
 12697
 12702
 13778
 13779
 13780
 13782
 13785
 13786
 13792
 13794
 13795
 13796
 5174
 5176
 5177
 5179
 5180
 5185
 5186
 5187
 5188
 5189
 5198
 3754
 3755
 3756
 3758
 3759
 3760
 3763
 3769
 8893
 8894
 8895
 8896
 8897
 8898
 8899
 8900
 8901
 8902
 8903
 8904
 8905
 8906
 8907
 8908
 8909
 8910
 8911
 8912
 8914
 8915
 8823
 8825
 8829
 8830
 8831
 8832
 8833
 8834
 8835
 8836
 8837
 8838
 8839
 8840
 8841
 8842
 8843
 8844
 8845
 600
 602
 603
 484
 511
 981
 2437
 2449
 2450
 2455
 2461
 2464
 13618
 13619
 13620
 13621
 13625
 13626
 13247
 13248
 13249
 13252
 13254
 13255
 13256
 13257
 13258
 13259
 12546
 12549
 12550
 12551
 12552
 12553
 12554
 12555
 12557
 12558
 12559
 12561
 12564
 12565
 12566
 12567
 12569
 6297
 6298
 6299
 6300
 6301
 6302
 6303
 6304
 6305
 6306
 6307
 6308
 6309
 6310
 6311
 6312
 6313
 6314
 6317
 6318
 6320
 6321
 6325
 6326
 1226
 5955
 5957
 5958
 5959
 5961
 5962
 5963
 5964
 5966
 5967
 5968
 5970
 6739
 6740
 6753
 6761
 6762
 6765
 1051
 1052
 1054
 1055
 1056
 1058
 1059
 1060
 1066
 1067
 1071
 1075
 1076
 1077
 1082
 13604
 13605
 13606
 13607
 13608
 13612
 13613
 13614
 13615
 12701
 477
 863
 2828
 2829
 2831
 2832
 2847
 12868
 12869
 12870
 12872
 12874
 12878
 12879
 12884
 12885
 1005
 1019
 1020
 1022
 1024
 1025
 1026
 1028
 1029
 1030
 8365
 8378
 32
 38
 43
 45
 276
 290
 6399
 6400
 6401
 6402
 6403
 6404
 6405
 6406
 6407
 6408
 6410
 6411
 6412
 6413
 6414
 6415
 6416
 6417
 6418
 6419
 6420
 6421
 6422
 6423
 1120
 1128
 1708
 1715
 1721
 14188
 6841
 6844
 6845
 6847
 6850
 6852
 6854
 6855
 6858
 6860
 6862
 6863
 2280
 2281
 2283
 2804
 2814
 5469
 5472
 5473
 5474
 5480
 5481
 5485
 5486
 5489
 5490
 5491
 5492
 5495
 5500
 12910
 12911
 12916
 12917
 12918
 12921
 12923
 12927
 12932
 12933
 12934
 2854
 2860
 2862
 2863
 2866
 2868
 2869
 2870
 2871
 2872
 2873
 2874
 2875
 2876
 2877
 2878
 2879
 2880
 2882
 2883
 2884
 2885
 3353
 3354
 3356
 3357
 3358
 3360
 3361
 3362
 3363
 3364
 3365
 3366
 3367
 13374
 13375
 13376
 13379
 13382
 13383
 13384
 13385
 13386
 13388
 13395
 13400
 12124
 12129
 12134
 12135
 12136
 12138
 12143
 12144
 12145
 12146
 12147
 12148
 9302
 9306
 9307
 9309
 9310
 9311
 9312
 9314
 9318
 9319
 9321
 9324
 9325
 9328
 9332
 12774
 12775
 12777
 12778
 12780
 12789
 12790
 12791
 12793
 12794
 12796
 12797
 12798
 12799
 12800
 12382
 12388
 12392
 12394
 12395
 12396
 12397
 12400
 12402
 13856
 13860
 13861
 13862
 13863
 13864
 13866
 13867
 13868
 13869
 13870
 13871
 13872
 13876
 13877
 13878
 13879
 329
 339
 340
 341
 354
 8276
 8278
 8280
 8281
 8282
 8283
 8284
 8285
 5598
 5613
 5614
 5615
 5616
 5617
 5618
 5624
 5625
 5626
 5627
 9025
 9027
 2904
 2906
 2907
 2908
 2909
 2911
 2913
 2915
 2916
 2917
 2918
 2919
 2920
 2922
 2923
 310
 1759
 1771
 1773
 1775
 1776
 1777
 1780
 1781
 1783
 7018
 7019
 7027
 7031
 7835
 7841
 7846
 7847
 7849
 7851
 7855
 7856
 7857
 7858
 7859
 7860
 7861
 7492
 7493
 7494
 7495
 7496
 7497
 7498
 7499
 7500
 7501
 7502
 7504
 7505
 7516
 1842
 1844
 1845
 1849
 1852
 3020
 3021
 3022
 3026
 3032
 3035
 3036
 3766
 3770
 3771
 3772
 3774
 3776
 8065
 8071
 8073
 8078
 8079
 8081
 8082
 8085
 8087
 8088
 8090
 8091
 8092
 8093
 1719
 1720
 1725
 1726
 1727
 1728
 8805
 8808
 8809
 8810
 8811
 8812
 8813
 8814
 8816
 8817
 8818
 8819
 8820
 8821
 8822
 8824
 8827
 8828
 2688
 2698
 2699
 2704
 2705
 2719
 6861
 6865
 6866
 6868
 6869
 6870
 6871
 6872
 6873
 6875
 6876
 6877
 6878
 6879
 6884
 6885
 2730
 2733
 2735
 2740
 2742
 2743
 2744
 2745
 2746
 2748
 2749
 2750
 2751
 2752
 2753
 2754
 2755
 2756
 2757
 1497
 1501
 1503
 1505
 1509
 1512
 1514
 1516
 1517
 1518
 1519
 1520
 1523
 1525
 13236
 13240
 13241
 13242
 13243
 13250
 13251
 13261
 8126
 8127
 8130
 8132
 8133
 8136
 8137
 8139
 8140
 8145
 8151
 754
 765
 767
 768
 779
 8434
 8435
 8436
 8437
 8440
 8443
 8444
 8445
 8446
 8447
 8448
 8449
 8450
 8451
 8452
 8454
 8455
 8456
 8457
 8460
 5132
 5133
 5138
 5143
 5148
 5151
 12605
 12606
 12610
 12611
 12612
 12613
 12614
 12615
 12616
 12618
 12620
 12621
 12622
 12623
 12625
 12626
 12627
 12628
 12632
 87
 89
 6170
 6171
 6175
 6176
 6177
 6179
 6180
 6181
 6182
 6183
 6185
 12999
 13002
 4917
 4921
 4922
 4926
 4927
 4932
 4936
 7192
 7193
 7194
 7195
 7196
 7197
 7199
 7200
 7208
 7215
 5220
 5221
 5222
 5224
 5225
 5226
 5227
 5228
 5229
 5230
 5231
 5232
 5233
 5234
 5235
 2466
 2468
 2470
 2472
 2475
 2477
 2478
 2479
 5976
 5977
 5980
 5983
 5988
 5989
 5990
 5991
 5996
 5997
 14304
 14305
 14306
 14307
 14308
 14309
 14310
 14311
 14312
 14313
 14314
 14315
 14316
 14317
 14318
 14319
 14320
 14321
 14322
 14323
 14324
 14325
 14326
 14327
 14328
 14329
 14330
 14331
 14332
 14333
 14334
 14335
 8095
 8097
 8099
 8100
 8103
 8105
 8108
 8109
 8110
 2409
 2411
 2415
 2416
 2424
 2426
 2429
 2432
 2433
 2435
 2436
 3720
 3722
 3724
 3731
 3732
 3744
 3746
 7903
 7905
 7906
 7914
 7915
 7916
 7917
 7918
 7919
 7920
 7921
 7922
 7923
 7924
 7925
 7926
 7929
 7931
 7932
 6186
 6187
 6188
 6189
 6190
 6191
 6192
 6194
 6195
 6196
 6197
 6200
 6204
 6205
 6040
 6045
 6047
 6048
 6049
 6050
 6051
 6053
 6054
 6055
 6056
 6057
 6058
 6059
 6060
 6063
 6065
 6066
 6070
 13821
 13822
 13823
 13837
 655
 657
 13764
 13766
 13770
 13771
 13772
 13774
 13783
 13784
 13790
 13791
 12247
 12248
 12252
 12253
 12255
 12256
 12259
 12263
 12266
 12271
 12272
 8384
 8385
 8390
 8391
 8392
 8393
 8394
 8395
 8397
 8398
 8402
 8405
 782
 784
 792
 9081
 9082
 9083
 9084
 9087
 9088
 9093
 9095
 9097
 9102
 9103
 9107
 9108
 9109
 7096
 7101
 7102
 7103
 7104
 7105
 7106
 7108
 7109
 7110
 7111
 7114
 7116
 7117
 7118
 12752
 12755
 12759
 12761
 12763
 715
 726
 727
 7429
 7432
 7441
 7443
 7444
 7445
 7448
 7449
 7450
 7453
 7456
 7457
 8586
 8587
 8588
 8589
 8590
 8591
 8592
 8593
 8594
 8595
 8596
 8597
 8598
 8599
 8600
 8601
 1078
 1079
 1087
 1089
 1092
 1093
 1094
 3207
 3208
 3209
 3211
 3212
 3213
 3215
 3218
 3221
 3222
 3223
 3224
 3069
 3073
 3077
 3078
 3081
 3083
 3085
 3088
 3089
 3090
 3092
 3573
 3574
 3575
 3576
 3577
 3578
 3581
 3583
 3584
 3585
 3587
 3589
 3590
 8009
 8022
 8025
 8027
 8028
 8033
 13316
 13317
 13318
 13320
 13324
 13330
 13331
 13332
 13333
 13336
 13337
 13338
 13343
 2369
 2370
 2377
 2378
 2380
 5316
 5317
 5321
 5324
 5325
 5326
 5327
 5328
 5329
 5330
 5331
 5332
 5333
 5334
 5335
 5336
 5338
 5339
 5340
 5346
 7617
 7621
 7622
 7623
 7626
 7627
 7628
 7633
 7637
 1003
 1014
 253
 5667
 5668
 5669
 5670
 5671
 5672
 5673
 5674
 5675
 5676
 5682
 5684
 2561
 2575
 2577
 2579
 2586
 2587
 2588
 2591
 1061
 1070
 1073
 1074
 1148
 1154
 1459
 1467
 1468
 1469
 1470
 3344
 3347
 3348
 3350
 1031
 1033
 1034
 1035
 1037
 1038
 1039
 1041
 1042
 1043
 1045
 1046
 1047
 1050
 1436
 1438
 1442
 1445
 1446
 1447
 1448
 1449
 1450
 1451
 3266
 3267
 3269
 3270
 3282
 3284
 3285
 3286
 3287
 3290
 3296
 3297
 6926
 6927
 6928
 6929
 6930
 6931
 6932
 6933
 6934
 6935
 6937
 6938
 6939
 6940
 6941
 6942
 6943
 6813
 6814
 6815
 6816
 6819
 6820
 6821
 6822
 6823
 6824
 6825
 6827
 6828
 6829
 6831
 6837
 1484
 1486
 1488
 1492
 1495
 8656
 8660
 8672
 8676
 8686
 877
 5845
 5846
 5847
 5848
 5849
 5850
 5851
 5852
 5853
 5854
 5855
 5856
 5857
 5858
 5859
 5860
 5861
 5862
 5863
 5864
 5865
 5871
 5873
 5875
 935
 936
 937
 938
 939
 940
 941
 943
 944
 945
 947
 948
 951
 953
 957
 959
 962
 12350
 12351
 12353
 12356
 12357
 12358
 12361
 12365
 12366
 12367
 6089
 6090
 6091
 6092
 6093
 6094
 6095
 6096
 6097
 6099
 6100
 6101
 6102
 6103
 6104
 6105
 6107
 6108
 6109
 6110
 6113
 6114
 6115
 6116
 6117
 6118
 6119
 6120
 14107
 14111
 14112
 14113
 14114
 14116
 14119
 14123
 2886
 2895
 2899
 3445
 3461
 12474
 12475
 12476
 12477
 12482
 12490
 12491
 2955
 2960
 2961
 7691
 7692
 7693
 7694
 7695
 7696
 7697
 7698
 7699
 7700
 7701
 7702
 7703
 7704
 7705
 7706
 7707
 7708
 7710
 7713
 7714
 7715
 7717
 9247
 9248
 9249
 9252
 9254
 9255
 9258
 9259
 9262
 9263
 9265
 2226
 2227
 2228
 2229
 2230
 2231
 2232
 2233
 2234
 2235
 2236
 2237
 2238
 2242
 2246
 2249
 3139
 3140
 3141
 3143
 3144
 3145
 3146
 3147
 3148
 3149
 3150
 3151
 3152
 3153
 3154
 3155
 3156
 3157
 3159
 3160
 3161
 3164
 3165
 3166
 3168
 3169
 1774
 1792
 1794
 1796
 1797
 1798
 1801
 1803
 1804
 5702
 5703
 5704
 5710
 5715
 5716
 5717
 5719
 5724
 5725
 5727
 5731
 8770
 8774
 8775
 8778
 8780
 8781
 8785
 8786
 8790
 8791
 8793
 8795
 8796
 7256
 7259
 7265
 7267
 7268
 7269
 7270
 7271
 7272
 7273
 7274
 7275
 7276
 7277
 7278
 7279
 7280
 7281
 7282
 5904
 5905
 5917
 5918
 5921
 5922
 5923
 5924
 5925
 5926
 5927
 5928
 5929
 5931
 742
 166
 167
 169
 12221
 12231
 12233
 12234
 12236
 12237
 12239
 2972
 2975
 2977
 2980
 2981
 2982
 2983
 2984
 2985
 2987
 2988
 2989
 2990
 2991
 2992
 2995
 2996
 2997
 2998
 13409
 13410
 13411
 13412
 13414
 13415
 13416
 13418
 13419
 6545
 6550
 6573
 540
 541
 2775
 2777
 2778
 2779
 2781
 2782
 2785
 2786
 2787
 2788
 2789
 2792
 2794
 2796
 2797
 906
 917
 921
 5972
 5973
 5975
 5978
 5979
 5981
 5982
 5993
 226
 7582
 7593
 7829
 7843
 2890
 2891
 2893
 2894
 2896
 2897
 2900
 2901
 2902
 2903
 2905
 8692
 8693
 8697
 8698
 8699
 8700
 8703
 8705
 8706
 8707
 8709
 8710
 8711
 8712
 8713
 8714
 5288
 5289
 5290
 5291
 5292
 5293
 5294
 5295
 5296
 5297
 5298
 5299
 5300
 5301
 5303
 5304
 5305
 5307
 5308
 5309
 5312
 5314
 22
 6944
 6945
 6946
 6947
 6948
 6949
 6950
 6951
 6952
 6953
 6954
 6955
 6956
 6957
 6962
 6963
 7220
 7221
 7222
 7225
 7226
 7227
 7228
 7229
 7233
 7237
 7239
 7240
 7241
 5342
 5343
 5345
 5347
 5348
 5349
 5350
 5352
 5353
 5355
 5357
 190
 201
 1181
 1184
 1185
 1187
 1196
 7667
 7668
 7669
 7670
 7671
 7672
 7674
 7675
 7676
 7677
 7678
 7679
 7680
 7683
 7684
 7685
 7686
 7687
 7688
 7689
 7690
 3469
 3470
 3471
 3472
 3474
 3475
 3476
 3483
 3489
 1299
 1300
 1301
 1302
 1304
 1305
 1306
 1307
 1308
 1309
 1310
 1311
 1312
 1313
 1314
 1315
 1317
 1318
 1324
 1325
 1326
 1327
 1328
 1329
 1330
 55
 12059
 12084
 12085
 12087
 12088
 6132
 6133
 6134
 6135
 6136
 6137
 6138
 6139
 6140
 6141
 6142
 6143
 6148
 3298
 3299
 4
 3257
 3258
 3259
 3260
 3261
 3262
 3263
 3264
 3265
 5877
 5879
 5881
 5882
 5883
 5884
 5885
 5886
 5887
 5888
 5889
 5890
 5891
 5892
 5894
 5895
 5896
 3490
 3494
 3225
 3226
 3228
 3237
 3320
 3321
 3324
 3325
 3326
 3330
 3332
 3333
 3334
 3340
 5899
 5900
 5901
 2713
 2718
 2721
 2722
 2727
 2729
 769
 8602
 8603
 8604
 8605
 8606
 8607
 8609
 8610
 8611
 8612
 8613
 8614
 8615
 8616
 8617
 8618
 8619
 8620
 8621
 8622
 8624
 3170
 3173
 3175
 3177
 3184
 6607
 6608
 6609
 6610
 6612
 6613
 6614
 6615
 6616
 6618
 6619
 6620
 6623
 12393
 12398
 12399
 12401
 12404
 12406
 12407
 12408
 12409
 12410
 12411
 12412
 12415
 12423
 12424
 1379
 1381
 1391
 1392
 3646
 3647
 3648
 3649
 3650
 3651
 3652
 3653
 3654
 3656
 3657
 3659
 3660
 3661
 3662
 3663
 3664
 3665
 3666
 3667
 3668
 3669
 3670
 3671
 3672
 3673
 3674
 3675
 3676
 3677
 1502
 1507
 1513
 1521
 1522
 6274
 6275
 6276
 6277
 6278
 6279
 6280
 6281
 6282
 6284
 6285
 6286
 6287
 6288
 6289
 6290
 6291
 6292
 6293
 6294
 6295
 6296
 3422
 3423
 3424
 3426
 3427
 3428
 3430
 3431
 3432
 3433
 3434
 3435
 3436
 3437
 3438
 3439
 7310
 7311
 7312
 7313
 7314
 7315
 7316
 7317
 7318
 7319
 7321
 7322
 7323
 7324
 7325
 7326
 7327
 8337
 8338
 8339
 8340
 8342
 8343
 8344
 8345
 8348
 8351
 8352
 8353
 8354
 8355
 8356
 8357
 8358
 8891
 8892
 13152
 13154
 13155
 13156
 13159
 13160
 13161
 13162
 13163
 13167
 13168
 13169
 13171
 13957
 13958
 13959
 13960
 13961
 13962
 13963
 13964
 13965
 13966
 13967
 13968
 13969
 13972
 13973
 13974
 13975
 13976
 13978
 13979
 13980
 13471
 13472
 13473
 13474
 13475
 13476
 13477
 13478
 13479
 13483
 13484
 13487
 13492
 13496
 13497
 13501
 13502
 5554
 5555
 5557
 5558
 5559
 5563
 5569
 5570
 5573
 5577
 5578
 5581
 5582
 5584
 5035
 5036
 5039
 5040
 5045
 5058
 5059
 5060
 5795
 5797
 5798
 5800
 5803
 5804
 5805
 5809
 5810
 5814
 5815
 5819
 1568
 1570
 1573
 1577
 1579
 1582
 1583
 1584
 1585
 1592
 1593
 1594
 1595
 1596
 1597
 827
 833
 12956
 12957
 12958
 12967
 12971
 12972
 12973
 12974
 12976
 1850
 1860
 1864
 1866
 1869
 1873
 7865
 7866
 7867
 7868
 7870
 7871
 7872
 7873
 7875
 7876
 7877
 7878
 7880
 14074
 14083
 14084
 14090
 14098
 14099
 14100
 14101
 14104
 8519
 8523
 8525
 8536
 1883
 1886
 1894
 1895
 1897
 2286
 2290
 2298
 2299
 2302
 2307
 2309
 2313
 2316
 6993
 6996
 6997
 6998
 6999
 7000
 7003
 7004
 7007
 7008
 7015
 7016
 1698
 1699
 1701
 1702
 1714
 1718
 13508
 13509
 13510
 13511
 13517
 13519
 13521
 13523
 13524
 13525
 13527
 13528
 13534
 13536
 13537
 13539
 5536
 5537
 5538
 5539
 5540
 5541
 5549
 5550
 5551
 457
 13664
 13665
 13666
 13667
 13668
 13669
 13670
 13671
 13672
 13673
 13674
 13676
 13677
 13678
 13679
 13680
 13681
 8241
 8242
 7121
 7123
 7124
 7125
 7128
 7130
 7131
 7132
 7137
 5066
 5070
 5071
 5074
 5082
 5086
 12841
 12845
 12847
 12848
 12852
 12853
 12854
 12857
 12858
 12859
 12860
 12861
 12864
 9295
 9296
 9299
 9301
 9303
 9304
 9305
 9313
 9315
 9316
 12086
 12089
 12090
 12091
 12093
 12094
 12095
 12096
 12097
 12098
 12099
 12100
 12101
 12102
 12103
 12104
 12105
 12106
 12107
 12108
 12109
 12110
 12706
 12709
 12734
 12735
 12736
 13562
 13569
 13570
 13571
 13572
 13573
 13574
 13576
 13577
 13578
 13579
 13580
 13581
 5130
 5135
 5140
 5153
 5156
 5157
 5160
 5161
 6701
 6714
 6720
 6727
 5628
 5629
 5630
 5631
 5632
 5633
 5634
 5635
 5636
 5637
 5638
 5639
 5640
 5641
 5644
 5652
 7634
 7635
 7638
 7642
 7643
 7646
 7648
 7650
 7651
 7652
 4791
 4792
 4793
 4794
 4795
 4796
 4797
 4798
 4799
 4800
 4801
 4805
 4810
 13000
 13005
 13018
 174
 175
 176
 177
 184
 190
 191
 192
 193
 201
 202
 203
 204
 205
 6036
 6037
 6038
 6039
 6041
 6042
 6043
 6046
 6052
 6061
 6062
 6064
 6067
 155
 158
 160
 165
 166
 167
 168
 169
 170
 173
 58
 59
 60
 61
 62
 63
 64
 65
 66
 67
 68
 69
 70
 71
 72
 73
 74
 75
 76
 77
 78
 79
 80
 81
 82
 83
 84
 85
 86
 87
 88
 89
 6882
 6886
 6888
 6890
 12939
 12941
 12942
 12945
 12946
 12948
 12949
 12950
 12951
 12953
 12954
 108
 113
 114
 115
 116
 117
 118
 119
 120
 121
 122
 123
 124
 125
 130
 127
 128
 129
 130
 131
 132
 133
 134
 135
 136
 137
 138
 139
 140
 141
 142
 143
 144
 145
 146
 147
 148
 149
 150
 151
 152
 153
 154
 155
 156
 157
 158
 206
 207
 208
 209
 210
 211
 212
 213
 214
 215
 218
 221
 222
 223
 224
 225
 226
 227
 228
 229
 230
 10
 11
 12
 13
 14
 15
 16
 17
 18
 19
 20
 21
 22
 23
 24
 25
 26
 27
 28
 29
 30
 31
 32
 33
 34
 35
 36
 37
 38
 39
 40
 41
 22
 23
 24
 25
 26
 27
 28
 29
 30
 31
 32
 33
 34
 35
 36
 37
 38
 41
 42
 43
 45
 46
 47
 48
 49
 50
 51
 52
 53
 34168478732
 23123032779
 23123032777
 34359738366
 448
 23123037810
 38
 34168477136
 34359738365
 251
 23123038239
 23123037801
 23123038429
 23123038194
 23123038250
 23123038422
 23123037799
 23123038256
 23123038421
 23123038238
 23123032781
 259
 23123032778
 23123038195
 23123038175
 23123038243
 23123038245
 23123038257
 34168477135
 23123038249
 23123038385
 23123038386
 23123038241
 23123037816
 4718593
 26
 27
 28
 29
 30
 31
 32
 33
 34
 35
 36
 37
 38
 39
 40
 41
 42
 43
 44
 45
 46
 47
 48
 49
 50
 51
 52
 53
 54
 55
 56
 57
 290
 291
 449
 5776252
 5775377
 5776269
 5767781
 5767776
 5767777
 5767778
 5767779
 5767780
 5767782
 5767783
 5767784
 5767785
 5767786
 5767787
 5767788
 5767789
 5767790
 5767791
 5767792
 5767793
 5767794
 5767795
 5767796
 5767797
 5767798
 5767799
 5767800
 5767801
 5767802
 5767803
 5767804
 5767805
 5767806
 5767807
 5767808
 1
 2
 3
 34359738366
 1
 2
 3
 6353
 6358
 6359
 6360
 6361
 6362
 6363
 6364
 6365
 6366
 6367
 6368
 6369
 6370
 6371
 6372
 6373
 6374
 6375
 6376
 6377
 6378
 6379
 1415
 1427
 4905
 4906
 4911
 4912
 4914
 4915
 4916
 4919
 13078
 13080
 13087
 13090
 8715
 8716
 8717
 8719
 8720
 8721
 8724
 8725
 8726
 8727
 8728
 8729
 8730
 8732
 8733
 8736
 1654
 1656
 1657
 1663
 1664
 1665
 1666
 1667
 1669
 1670
 1675
 1681
 13594
 13599
 8043
 6968
 6984
 6985
 5956
 5960
 15
 26
 33
 13622
 13632
 13633
 13635
 13636
 13637
 13638
 13639
 13640
 13641
 2760
 2764
 2765
 2769
 2780
 12562
 12568
 12570
 12575
 12576
 12577
 12579
 12582
 12583
 12584
 12586
 12589
 1808
 1809
 1810
 1811
 1813
 1814
 1815
 1816
 1818
 1821
 1824
 1825
 1901
 1902
 1906
 1907
 1912
 1913
 13803
 13804
 13805
 13806
 13807
 13808
 13809
 13810
 13811
 13812
 13813
 13814
 13816
 13817
 13819
 13820
 13824
 13826
 13827
 13828
 4851
 4852
 4853
 4854
 4856
 4857
 4859
 4860
 4861
 4862
 4864
 4868
 4879
 4880
 4881
 8118
 8122
 8124
 8128
 9178
 9179
 9181
 9183
 9184
 9187
 9192
 9193
 9194
 9198
 9208
 453
 461
 98
 99
 100
 101
 102
 103
 104
 105
 106
 107
 108
 109
 110
 111
 112
 113
 114
 115
 116
 117
 118
 119
 120
 121
 122
 123
 124
 125
 126
 4
 5
 6
 7
 8
 9
 10
 11
 12
 13
 14
 15
 16
 13271
 13272
 13273
 13274
 13277
 13279
 13281
 13282
 15
 22
 23
 24
 25
 26
 27
 28
 29
 30
 31
 32
 33
 34
 35
 36
 37
 38
 39
 40
 41
 42
 43
 44
 9143
 9150
 9151
 9152
 9153
 9154
 9155
 9156
 9157
 9158
 9159
 9160
 9161
 9162
 9163
 9164
 9165
 9166
 9168
 9169
 9171
 9172
 90
 91
 92
 93
 94
 95
 96
 97
 6686
 6687
 6688
 6692
 6696
 6697
 6700
 38
 4
 5
 6
 7
 8
 9
 10
 11
 12
 13
 14
 15
 16
 17
 18
 19
 21
 7527
 7528
 7530
 7531
 7533
 7535
 7537
 7538
 7539
 7540
 7541
 7543
 7544
 7550
 7551
 7553
 7554
 7555
 7556
 7557
 7558
 37
 34329693780
 12
 34329693776
 34359738365
 1
 2
 3
 4
 5
 6
 7
 8
 9
 10
 11
 12
 13
 14
 15
 16
 17
 18
 19
 20
 21
 22
 23
 6541
 6542
 6543
 6547
 6548
 6549
 6552
 6555
 6556
 6559
 6560
 5776041
 46
 49
 61
 5775386
 6218
 6222
 6223
 6224
 6225
 6226
 6227
 6228
 6230
 6233
 6234
 6235
 6236
 6244
 6245
 6246
 6248
 6249
 5776189
 5767292
 5767264
 5767265
 5767266
 5767267
 5767268
 5767269
 5767270
 5767271
 5767272
 5767273
 5767274
 5767275
 5767276
 5767277
 5767278
 5767279
 5767280
 5767281
 5767282
 5767283
 5767284
 5767285
 5767286
 5767287
 5767288
 5767289
 5767290
 5767291
 5767293
 5767294
 5767295
 5767296
 1
 2
 3
 27
 28
 29
 30
 31
 32
 33
 34
 35
 36
 37
 38
 39
 40
 41
 42
 43
 43
 42
 1
 2
 3
 4
 5
 6
 7
 8
 9
 10
 7
 6
 34329693777
 1
 2
 3
 433
 434
 435
 436
 437
 438
 439
 440
 441
 442
 443
 444
 445
 446
 447
 448
 449
 450
 451
 452
 453
 454
 455
 456
 457
 458
 459
 460
 461
 462
 463
 464
 449
 447
 6
 7
 8
 9
 10
 11
 12
 13
 14
 15
 16
 17
 18
 19
 20
 21
 22
 23
 24
 25
 26
 27
 28
 29
 30
 35
 1
 2
 3
 17
 19
 20
 21
 22
 23
 24
 25
 26
 27
 28
 29
 30
 31
 32
 33
 34
 35
 36
 25
 24
 4
 5
 6
 7
 8
 34329693750
 34329693751
 444
 445
 446
 47
 48
 49
 50
 51
 52
 55
 56
 60
 61
 62
 63
 64
 65
 66
 67
 68
 69
 448
 4
 5
 171
 173
 174
 175
 176
 177
 178
 179
 180
 182
 183
 184
 185
 186
 187
 188
 189
 190
 191
 192
 193
 194
 199
 200
 201
 202
 377
 378
 379
 380
 381
 382
 384
 385
 389
 390
 391
 392
 393
 395
 396
 397
 398
 399
 400
 402
 403
 404
 405
 406
 407
 408
 309
 310
 311
 312
 313
 314
 315
 316
 317
 318
 319
 320
 321
 322
 323
 325
 326
 327
 328
 329
 330
 331
 332
 333
 334
 335
 336
 337
 338
 339
 340
 135
 136
 137
 138
 146
 147
 148
 149
 150
 152
 153
 154
 155
 159
 161
 162
 39
 4
 5
 6
 7
 8
 9
 10
 11
 12
 13
 14
 15
 16
 17
 18
 19
 20
 21
 22
 23
 24
 25
 26
 40
 41
 34329691186
 34329692152
 34329692150
 34329692149
 255
 256
 257
 258
 259
 260
 261
 262
 263
 265
 266
 267
 268
 269
 270
 271
 272
 273
 274
 163
 164
 165
 166
 167
 168
 169
 170
 354
 355
 356
 357
 358
 359
 360
 361
 362
 363
 364
 365
 366
 367
 368
 369
 370
 371
 373
 374
 375
 376
 203
 206
 207
 208
 209
 210
 211
 212
 213
 214
 215
 216
 217
 218
 219
 220
 221
 23004342643
 7001893
 1
 2
 3
 4
 5
 6
 7
 8
 9
 10
 11
 12
 13
 14
 15
 16
 17
 18
 19
 20
 21
 74
 75
 76
 77
 78
 79
 80
 81
 82
 83
 84
 85
 86
 87
 88
 89
 90
 91
 92
 93
 94
 95
 96
 97
 98
 99
 100
 101
 102
 103
 104
 105
 405
 406
 407
 408
 409
 410
 411
 412
 413
 414
 415
 416
 417
 418
 419
 420
 421
 422
 423
 424
 425
 426
 427
 428
 429
 430
 431
 432
 433
 434
 435
 436
 106
 107
 108
 109
 110
 111
 112
 113
 114
 115
 116
 117
 118
 119
 120
 121
 122
 123
 124
 125
 126
 127
 128
 129
 130
 131
 132
 133
 350
 351
 352
 353
 354
 355
 356
 357
 358
 359
 360
 361
 362
 363
 364
 365
 366
 367
 368
 369
 370
 371
 372
 373
 374
 375
 376
 377
 378
 379
 380
 381
 23004342644
 222
 223
 224
 225
 226
 227
 228
 229
 230
 231
 232
 233
 234
 235
 236
 237
 238
 239
 240
 241
 242
 13
 23004342645
 1
 2
 3
 4
 5
 6
 1
 2
 3
 4
 5
 6
 7
 8
 9
 10
 3718
 3723
 3726
 3730
 3734
 3738
 3741
 3747
 3749
 11
 12
 13
 14
 6771
 6773
 6774
 6775
 6778
 6779
 6780
 6781
 6782
 6783
 6784
 6785
 6786
 6787
 6788
 15
 6789
 6790
 6791
 6792
 6793
 6794
 6795
 6796
 6798
 16
 17
 18
 7934
 7935
 7936
 7937
 7940
 7947
 7950
 7953
 7958
 7962
 7964
 7965
 2509
 2510
 2513
 2515
 2518
 2524
 2528
 5487
 5488
 5498
 5499
 5502
 5512
 8550
 8551
 8552
 8553
 2596
 2599
 2602
 2603
 2606
 2607
 2608
 2609
 2611
 2612
 2614
 2615
 2616
 2618
 2627
 19
 2822
 2830
 2836
 2839
 2840
 2841
 2844
 2845
 2846
 20
 21
 4933
 4934
 4935
 4939
 4940
 4942
 4945
 4946
 4955
 22
 23
 24
 25
 13829
 13830
 13831
 13832
 13833
 13835
 13836
 13838
 13839
 13840
 13841
 13842
 13843
 13844
 13849
 13850
 13851
 13852
 13853
 13854
 13855
 26
 27
 4769
 4772
 4773
 4775
 4777
 4778
 4779
 4780
 4781
 4782
 4783
 4784
 4786
 4788
 4789
 4790
 28
 29
 30
 13893
 13894
 13895
 13900
 13901
 13904
 13905
 13906
 13907
 13908
 13909
 13910
 13911
 13912
 13913
 13914
 13915
 13917
 13918
 13919
 13920
 13921
 13922
 13923
 31
 32
 33
 34
 2728
 2738
 2741
 35
 36
 6568
 6570
 6584
 6585
 6586
 3595
 3600
 3601
 3602
 3606
 3607
 3610
 3611
 3612
 12671
 12672
 12674
 12682
 12683
 12684
 12687
 12688
 12693
 12694
 1740
 1741
 1746
 1750
 1752
 1753
 1754
 1755
 14000
 14002
 14003
 14015
 14016
 14017
 14018
 14019
 14020
 14021
 14022
 14023
 14024
 14025
 14026
 3024
 3027
 3030
 3033
 37
 38
 39
 5434
 5435
 5439
 5441
 5443
 5444
 5448
 5449
 5450
 5451
 5452
 5454
 5455
 5456
 5457
 5458
 40
 41
 42
 14161
 14162
 14163
 14164
 14168
 14171
 14174
 14175
 14177
 14180
 43
 44
 45
 46
 2581
 2593
 2595
 47
 48
 49
 696
 709
 712
 50
 51
 95
 106
 108
 111
 52
 53
 54
 55
 56
 57
 58
 59
 60
